3.455039689999999837e+02 1.596484120000000040e+01 4.000000000000000192e-04
3.455085761999999932e+02 1.591413129999999931e+01 6.999999999999999929e-04
3.455393743999999856e+02 1.591697390000000034e+01 3.189999999999999780e-02
3.455287784999999872e+02 1.591629990000000028e+01 6.890000000000000291e-02
3.455019664000000148e+02 1.591553260000000058e+01 2.989999999999999949e-02
3.455193199000000277e+02 1.591677750000000024e+01 6.809999999999999387e-02
3.455257565000000000e+02 1.591703829999999975e+01 1.360999999999999988e-01
3.455050213000000099e+02 1.592190030000000078e+01 1.287000000000000088e-01
3.455079155999999898e+02 1.592509519999999945e+01 1.679999999999999896e-02
3.455241573999999787e+02 1.592577769999999937e+01 1.313999999999999890e-01
3.455414723999999751e+02 1.592777109999999929e+01 1.976999999999999869e-01
3.455103543000000172e+02 1.592514509999999994e+01 9.729999999999999760e-02
3.455000294000000167e+02 1.592490300000000047e+01 1.111000000000000043e-01
3.455002984999999853e+02 1.592620379999999969e+01 9.039999999999999425e-02
3.454945783000000006e+02 1.592456699999999969e+01 1.917999999999999983e-01
3.454998802000000069e+02 1.592694080000000056e+01 1.208000000000000046e-01
3.455364721999999915e+02 1.593360659999999918e+01 2.899999999999999800e-03
3.455456404000000248e+02 1.593249010000000077e+01 7.149999999999999412e-02
3.455265044000000216e+02 1.593090100000000042e+01 1.011999999999999983e-01
3.455061011999999891e+02 1.592852989999999913e+01 1.188000000000000028e-01
3.454911124999999856e+02 1.592832639999999955e+01 7.280000000000000360e-02
3.455424107000000049e+02 1.593242779999999925e+01 1.567000000000000060e-01
3.454893185999999901e+02 1.593077779999999954e+01 1.310000000000000053e-01
3.455089952000000153e+02 1.593512939999999922e+01 2.359999999999999945e-02
3.455184883000000013e+02 1.593491520000000072e+01 1.231000000000000011e-01
3.455302669000000151e+02 1.593600660000000069e+01 1.458000000000000129e-01
3.455146439000000100e+02 1.593554229999999983e+01 7.320000000000000118e-02
3.454958574999999996e+02 1.593555379999999921e+01 1.592000000000000082e-01
3.455054961000000162e+02 1.594166509999999981e+01 6.110000000000000153e-02
3.455335729999999899e+02 1.594077680000000008e+01 9.819999999999999563e-02
3.454929463999999939e+02 1.593742989999999971e+01 4.320000000000000229e-02
3.455349307000000181e+02 1.594346799999999931e+01 1.029000000000000054e-01
3.455080106999999998e+02 1.594150340000000021e+01 1.353999999999999926e-01
3.454953671999999756e+02 1.594759220000000077e+01 8.079999999999999682e-02
3.455318068000000267e+02 1.594563589999999920e+01 3.280000000000000276e-02
3.455169119000000251e+02 1.594395360000000039e+01 8.110000000000000542e-02
3.455082254000000148e+02 1.594265159999999959e+01 1.108999999999999986e-01
3.455289998999999739e+02 1.594630749999999964e+01 5.170000000000000290e-02
3.455165683999999828e+02 1.594503150000000069e+01 8.300000000000000433e-02
3.454892004999999813e+02 1.594276409999999977e+01 3.209999999999999659e-02
3.455115627999999788e+02 1.594405820000000062e+01 1.545999999999999874e-01
3.455029949999999985e+02 1.594382839999999923e+01 1.165999999999999953e-01
3.455107092000000080e+02 1.594522229999999929e+01 1.438000000000000111e-01
3.455203164999999785e+02 1.594747929999999947e+01 2.079999999999999905e-02
3.455059739999999806e+02 1.594540909999999911e+01 5.859999999999999931e-02
3.455219035000000076e+02 1.594717260000000003e+01 1.967000000000000137e-01
3.455046922000000222e+02 1.594848759999999999e+01 1.241000000000000020e-01
3.454983057000000031e+02 1.594908290000000051e+01 5.399999999999999939e-02
3.455087065999999822e+02 1.594971220000000045e+01 3.350000000000000200e-02
3.454945986000000175e+02 1.594820900000000030e+01 2.939999999999999905e-02
3.455178897000000120e+02 1.601656649999999971e+01 9.299999999999999239e-03
3.455028805000000034e+02 1.601517109999999988e+01 1.032000000000000001e-01
3.454974222000000168e+02 1.601397479999999973e+01 1.121000000000000052e-01
3.455360671999999909e+02 1.601460850000000136e+01 1.510000000000000057e-02
3.455156501999999819e+02 1.601337480000000113e+01 1.516000000000000125e-01
3.455188077999999905e+02 1.601312599999999975e+01 4.410000000000000031e-02
3.454907279000000244e+02 1.600975719999999924e+01 1.459999999999999909e-01
3.454906763999999839e+02 1.600799119999999931e+01 1.389999999999999916e-02
3.454858489999999733e+02 1.600716630000000151e+01 1.199999999999999956e-01
3.454915323000000171e+02 1.600697789999999898e+01 1.633000000000000007e-01
3.455089370000000031e+02 1.600720640000000117e+01 2.129999999999999949e-02
3.454852872999999818e+02 1.600171299999999874e+01 1.280999999999999917e-01
3.454953580000000102e+02 1.600219759999999880e+01 1.512999999999999901e-01
3.455049028000000249e+02 1.600285560000000018e+01 6.370000000000000662e-02
3.455209143999999810e+02 1.600399009999999933e+01 8.999999999999999320e-03
3.454900114000000144e+02 1.600096070000000026e+01 2.559000000000000163e-01
3.455356457999999975e+02 1.600241079999999982e+01 8.099999999999999561e-03
3.455251554000000169e+02 1.600325769999999892e+01 3.620000000000000301e-02
3.455052598999999987e+02 1.600110859999999846e+01 1.247999999999999943e-01
3.455019060000000195e+02 1.599999730000000042e+01 3.810000000000000192e-02
3.455084904000000279e+02 1.599949920000000070e+01 1.532000000000000028e-01
3.454959524000000215e+02 1.599708440000000031e+01 1.441000000000000059e-01
3.455406745999999885e+02 1.600014930000000035e+01 1.381000000000000005e-01
3.455381785999999806e+02 1.599892960000000031e+01 5.120000000000000245e-02
3.455413245999999958e+02 1.599881610000000087e+01 1.333000000000000018e-01
3.455040953000000172e+02 1.599467620000000068e+01 7.099999999999999367e-02
3.455032861000000253e+02 1.599268780000000056e+01 1.569000000000000117e-01
3.455338706000000002e+02 1.599550840000000029e+01 1.875000000000000000e-01
3.454936061000000223e+02 1.598367159999999920e+01 7.159999999999999698e-02
3.454984852000000046e+02 1.598608680000000071e+01 7.580000000000000626e-02
3.454974927999999750e+02 1.598324399999999912e+01 6.400000000000000307e-03
3.455234924999999748e+02 1.599331010000000042e+01 2.299999999999999961e-03
3.455312911999999983e+02 1.598533929999999970e+01 1.095000000000000001e-01
3.455387496999999826e+02 1.599138109999999990e+01 1.517999999999999905e-01
3.455198320999999737e+02 1.598382220000000054e+01 5.820000000000000173e-02
3.455234234000000129e+02 1.598327010000000037e+01 1.782999999999999863e-01
3.455216783000000191e+02 1.598248700000000078e+01 1.170000000000000033e-02
3.454932777000000215e+02 1.597993040000000065e+01 1.279000000000000137e-01
3.455307351999999810e+02 1.599414690000000050e+01 6.130000000000000032e-02
3.455064499000000069e+02 1.598050420000000038e+01 7.439999999999999392e-02
3.454970779000000221e+02 1.599015610000000009e+01 1.582000000000000073e-01
3.455285289999999918e+02 1.598198960000000035e+01 2.525999999999999912e-01
3.455001872999999932e+02 1.599133080000000007e+01 6.900000000000000577e-02
3.454924472000000151e+02 1.598754220000000004e+01 2.101999999999999980e-01
3.455139813000000117e+02 1.597709350000000050e+01 4.290000000000000063e-02
3.455330063000000109e+02 1.597855150000000002e+01 9.130000000000000615e-02
3.455277730000000247e+02 1.596427970000000052e+01 2.050000000000000086e-02
3.455438138000000095e+02 1.597197530000000043e+01 5.920000000000000262e-02
3.455133812999999918e+02 1.596337079999999986e+01 4.410000000000000031e-02
3.455216161999999827e+02 1.597348150000000011e+01 1.608999999999999875e-01
3.455163785999999959e+02 1.596263380000000076e+01 1.477999999999999869e-01
3.455215124999999716e+02 1.596277279999999976e+01 1.620999999999999941e-01
3.455197413999999867e+02 1.596257969999999915e+01 1.262999999999999956e-01
3.455230789999999956e+02 1.596902410000000039e+01 3.020000000000000115e-02
3.455329773000000273e+02 1.602654769999999829e+01 4.959999999999999826e-02
3.454942158999999720e+02 1.596603449999999924e+01 1.393000000000000071e-01
3.455190413999999919e+02 1.596132899999999921e+01 1.349999999999999985e-02
3.455228766999999834e+02 1.597255419999999937e+01 5.859999999999999931e-02
3.455170597000000043e+02 1.596384169999999969e+01 9.270000000000000462e-02
3.455234540000000152e+02 1.596435160000000053e+01 3.799999999999999906e-02
3.455291925000000219e+02 1.596106389999999919e+01 6.590000000000000024e-02
3.454896701000000121e+02 1.595691189999999970e+01 1.351999999999999869e-01
3.455349054999999794e+02 1.597376159999999956e+01 3.620000000000000301e-02
3.455178179000000114e+02 1.595841369999999948e+01 7.580000000000000626e-02
3.455103856000000064e+02 1.595621749999999928e+01 1.529999999999999936e-02
3.455170168999999873e+02 1.595627559999999967e+01 1.039000000000000062e-01
3.455168241000000080e+02 1.595661920000000045e+01 1.252999999999999947e-01
3.455170168999999873e+02 1.595627559999999967e+01 1.039000000000000062e-01
3.455168241000000080e+02 1.595661920000000045e+01 1.252999999999999947e-01
3.454973693000000026e+02 1.595502280000000006e+01 1.029999999999999943e-01
3.455306802999999718e+02 1.595795230000000053e+01 5.539999999999999786e-02
3.455034898000000112e+02 1.595472230000000025e+01 9.139999999999999514e-02
3.455266523000000234e+02 1.595693619999999946e+01 1.680000000000000104e-01
3.454975949000000242e+02 1.595364919999999920e+01 7.630000000000000671e-02
3.455115814000000114e+02 1.595434140000000056e+01 1.389999999999999916e-02
3.454922609999999850e+02 1.595267879999999927e+01 1.696000000000000008e-01
3.455082843000000139e+02 1.595322589999999963e+01 1.042000000000000010e-01
3.454900230999999735e+02 1.595141719999999985e+01 1.048999999999999932e-01
3.455120572999999808e+02 1.595330880000000029e+01 1.300999999999999934e-01
3.455026224000000070e+02 1.595179019999999959e+01 7.770000000000000517e-02
3.454921143999999913e+02 1.595087849999999996e+01 1.988999999999999935e-01
3.455219144999999799e+02 1.596696750000000087e+01 1.423999999999999988e-01
3.455048739000000069e+02 1.594967229999999958e+01 6.300000000000000044e-02
3.455048739000000069e+02 1.594967229999999958e+01 6.300000000000000044e-02
3.455189796000000229e+02 1.595165489999999942e+01 1.736999999999999933e-01
3.454832844000000023e+02 1.605565629999999899e+01 8.540000000000000369e-02
3.455107272999999850e+02 1.595031679999999952e+01 8.569999999999999840e-02
3.455240767000000233e+02 1.595143000000000022e+01 1.198000000000000037e-01
3.455343121000000224e+02 1.597095479999999945e+01 8.600000000000000006e-03
3.454923982000000251e+02 1.605658490000000072e+01 1.900000000000000022e-01
3.454913616000000047e+02 1.604304540000000046e+01 1.869999999999999996e-01
3.454946765999999911e+02 1.604851250000000107e+01 1.880000000000000074e-02
3.455206102000000215e+02 1.601743189999999828e+01 3.500000000000000073e-03
3.455282518999999866e+02 1.605585479999999876e+01 8.399999999999999481e-03
3.454854394999999840e+02 1.605308399999999835e+01 1.739999999999999880e-02
3.455213357000000087e+02 1.605460950000000153e+01 1.110000000000000049e-02
3.454889569000000051e+02 1.605098690000000161e+01 6.339999999999999802e-02
3.455312890999999809e+02 1.605021199999999837e+01 2.561999999999999833e-01
3.454842871999999829e+02 1.604733069999999984e+01 1.179999999999999973e-02
3.454777376000000118e+02 1.604660900000000012e+01 5.850000000000000339e-02
3.455135061999999948e+02 1.604946969999999951e+01 1.388000000000000067e-01
3.454891986999999745e+02 1.604354250000000093e+01 8.369999999999999662e-02
3.454939198000000147e+02 1.604391370000000094e+01 1.850999999999999868e-01
3.455356954999999743e+02 1.604902819999999863e+01 4.050000000000000128e-02
3.455125482000000261e+02 1.604264720000000111e+01 1.721000000000000030e-01
3.455248776000000248e+02 1.604257709999999904e+01 3.799999999999999992e-03
3.455173796999999922e+02 1.604034910000000025e+01 2.999999999999999889e-02
3.455260762999999997e+02 1.602894209999999831e+01 6.370000000000000662e-02
3.454960173000000054e+02 1.601979820000000032e+01 1.255000000000000004e-01
3.455136800000000221e+02 1.602991069999999851e+01 8.630000000000000171e-02
3.455046270999999933e+02 1.603528530000000174e+01 1.910000000000000031e-01
3.455117409000000066e+02 1.602891650000000112e+01 6.719999999999999585e-02
3.455354982000000064e+02 1.602606279999999828e+01 2.330000000000000127e-02
3.455063243999999827e+02 1.602766289999999927e+01 2.670000000000000151e-02
3.454825276999999915e+02 1.602509089999999858e+01 8.859999999999999820e-02
3.455106162999999810e+02 1.602076059999999913e+01 2.599999999999999881e-03
3.455243062000000123e+02 1.602737550000000155e+01 2.346999999999999920e-01
3.454904670000000237e+02 1.602247789999999839e+01 8.999999999999999754e-04
3.454846249999999941e+02 1.602197689999999852e+01 4.299999999999999656e-02
3.455229287000000227e+02 1.602686209999999889e+01 1.087999999999999939e-01
3.454809561000000144e+02 1.602001160000000013e+01 2.574000000000000177e-01
3.455182442999999921e+02 1.602275589999999994e+01 8.609999999999999598e-02
3.454850175999999919e+02 1.601930779999999999e+01 1.799000000000000044e-01
1.410692625000000078e+02 4.924703740000000352e+01 8.000000000000000383e-04
1.411159062000000119e+02 4.923836260000000209e+01 1.996999999999999886e-01
1.410438631000000100e+02 4.926783640000000020e+01 9.220000000000000417e-02
1.410165141999999889e+02 4.925349529999999731e+01 2.570999999999999952e-01
1.410641857999999900e+02 4.927564259999999763e+01 9.329999999999999405e-02
1.410651210000000049e+02 4.927482439999999997e+01 1.038000000000000034e-01
1.410396389999999940e+02 4.925999420000000129e+01 5.279999999999999971e-02
1.410343215000000043e+02 4.925605250000000268e+01 2.989999999999999949e-02
1.410423346999999978e+02 4.925754830000000339e+01 1.199999999999999895e-03
1.410415203999999960e+02 4.925554230000000189e+01 2.170000000000000054e-02
1.410554638000000125e+02 4.926157429999999948e+01 9.260000000000000175e-02
1.410299718999999925e+02 4.924951389999999662e+01 2.008999999999999952e-01
1.410341562000000124e+02 4.926681130000000053e+01 5.489999999999999741e-02
1.410684872999999868e+02 4.926608920000000325e+01 1.188000000000000028e-01
1.410185495000000060e+02 4.925848959999999721e+01 1.009000000000000036e-01
1.410911807999999894e+02 4.925858879999999829e+01 1.507999999999999896e-01
1.410589716000000067e+02 4.923738529999999969e+01 1.044000000000000067e-01
1.410709463999999969e+02 4.926722469999999987e+01 1.579000000000000126e-01
1.410988887000000034e+02 4.925265689999999807e+01 5.840000000000000052e-02
1.411075500999999974e+02 4.925627800000000178e+01 1.060000000000000005e-02
1.410661732000000086e+02 4.923516010000000165e+01 3.559999999999999970e-02
1.411097985000000108e+02 4.925433749999999833e+01 2.091000000000000081e-01
1.410704814000000056e+02 4.923496690000000342e+01 1.830000000000000029e-02
1.410647789999999873e+02 4.923260239999999754e+01 2.328000000000000069e-01
1.410672838000000127e+02 4.923203579999999846e+01 1.476999999999999980e-01
1.411047853000000032e+02 4.924947379999999697e+01 1.522000000000000020e-01
1.411022769999999866e+02 4.924679660000000325e+01 1.411999999999999922e-01
1.410532100000000071e+02 4.922123599999999755e+01 1.247000000000000053e-01
1.410730256999999881e+02 4.922868549999999743e+01 1.512999999999999901e-01
1.410622879999999952e+02 4.922149430000000336e+01 2.454999999999999960e-01
1.410822152000000074e+02 4.923043859999999938e+01 1.637000000000000122e-01
1.410728151000000139e+02 4.922361250000000155e+01 1.426999999999999935e-01
1.411034268999999881e+02 4.923772360000000248e+01 1.832999999999999907e-01
1.410903247999999905e+02 4.923097070000000031e+01 4.359999999999999987e-02
1.410888861999999904e+02 4.922930300000000159e+01 1.248999999999999971e-01
1.410896955999999989e+02 4.922837799999999930e+01 2.071999999999999953e-01
1.410169587999999976e+02 4.925718479999999744e+01 8.790000000000000591e-02
3.488467135000000212e+02 2.505377359999999953e+01 5.000000000000000104e-04
3.488165349000000219e+02 2.504444480000000084e+01 1.399999999999999986e-03
3.488070930999999746e+02 2.504219459999999842e+01 1.000000000000000021e-02
3.488227739000000156e+02 2.504367459999999923e+01 8.699999999999999400e-03
3.488414523000000145e+02 2.504329159999999987e+01 1.824999999999999956e-01
3.488163268999999787e+02 2.504238529999999940e+01 1.365000000000000102e-01
3.488542540000000258e+02 2.504945969999999988e+01 1.691000000000000003e-01
3.488300232999999935e+02 2.504897820000000053e+01 8.260000000000000675e-02
3.488294748000000141e+02 2.505008720000000011e+01 4.499999999999999833e-02
3.488539488000000119e+02 2.505100900000000053e+01 1.565999999999999892e-01
3.488711541999999781e+02 2.512045660000000069e+01 1.500000000000000031e-03
3.488310195999999905e+02 2.505256250000000051e+01 8.939999999999999336e-02
3.488218018000000029e+02 2.505059290000000161e+01 7.939999999999999836e-02
3.488103869999999915e+02 2.504916229999999899e+01 1.272999999999999965e-01
3.488571521000000075e+02 2.505410409999999999e+01 9.769999999999999518e-02
3.488245451000000230e+02 2.505166219999999910e+01 1.340999999999999970e-01
3.487995430999999940e+02 2.504918260000000174e+01 1.287000000000000088e-01
3.488072215000000256e+02 2.505069810000000174e+01 8.849999999999999534e-02
3.488159931000000142e+02 2.505457630000000080e+01 7.499999999999999722e-03
3.488126469000000043e+02 2.505210969999999904e+01 1.952000000000000124e-01
3.488767839999999865e+02 2.506400449999999935e+01 3.799999999999999992e-03
3.488107686000000172e+02 2.505266900000000163e+01 4.270000000000000184e-02
3.488127789999999777e+02 2.505443509999999918e+01 1.970999999999999974e-01
3.488691066999999748e+02 2.506300309999999953e+01 9.110000000000000042e-02
3.488101965999999834e+02 2.505447330000000150e+01 1.968000000000000027e-01
3.488663501999999994e+02 2.506115020000000015e+01 2.008999999999999952e-01
3.488313099000000079e+02 2.506450170000000099e+01 9.840000000000000135e-02
3.488000964999999951e+02 2.505692930000000018e+01 1.789999999999999925e-01
3.488584336999999778e+02 2.506514010000000070e+01 1.799999999999999864e-02
3.488682703999999717e+02 2.506557409999999919e+01 8.179999999999999771e-02
3.488558110999999826e+02 2.506776610000000005e+01 4.000000000000000083e-03
3.488040846000000101e+02 2.506258100000000155e+01 6.350000000000000089e-02
3.488321753999999828e+02 2.506514779999999831e+01 5.240000000000000213e-02
3.488065637999999922e+02 2.506702080000000166e+01 1.580000000000000154e-02
3.488657438000000184e+02 2.507332459999999941e+01 3.399999999999999811e-03
3.488007001999999943e+02 2.506345669999999970e+01 1.210999999999999993e-01
3.487986940000000118e+02 2.506378880000000109e+01 9.529999999999999583e-02
3.488354979000000071e+02 2.506632360000000048e+01 1.161999999999999977e-01
3.488492760999999973e+02 2.507056130000000138e+01 4.120000000000000051e-02
3.488030757000000222e+02 2.506889680000000098e+01 2.160000000000000114e-02
3.488224665000000186e+02 2.506922850000000125e+01 9.629999999999999671e-02
3.488364733000000228e+02 2.507296679999999967e+01 2.340000000000000066e-02
3.488234261000000060e+02 2.507338929999999877e+01 5.499999999999999681e-03
3.488502780000000030e+02 2.507463070000000016e+01 6.270000000000000573e-02
3.488119859000000247e+02 2.507125789999999910e+01 1.199000000000000066e-01
3.488308296000000155e+02 2.507257359999999835e+01 8.619999999999999885e-02
3.488625071999999818e+02 2.508311570000000046e+01 8.999999999999999754e-04
3.488206114000000184e+02 2.507246440000000121e+01 2.549999999999999836e-02
3.488601745999999935e+02 2.507557339999999968e+01 2.371999999999999942e-01
3.488085307000000057e+02 2.507335009999999897e+01 1.441000000000000059e-01
3.488191520999999966e+02 2.507425339999999991e+01 1.181999999999999995e-01
3.488514913000000206e+02 2.508121420000000157e+01 5.599999999999999943e-03
3.488535201999999913e+02 2.507802110000000084e+01 2.160999999999999865e-01
3.488305306999999971e+02 2.507739109999999982e+01 8.329999999999999905e-02
3.488136802000000216e+02 2.507512649999999965e+01 9.579999999999999627e-02
3.488082724999999868e+02 2.507755290000000059e+01 4.499999999999999833e-02
3.488697887000000151e+02 2.508212639999999993e+01 2.141000000000000125e-01
3.488328073000000131e+02 2.515142790000000161e+01 4.700000000000000011e-02
3.488548180999999886e+02 2.519026270000000167e+01 8.999999999999999754e-04
3.488081985000000032e+02 2.518387729999999891e+01 5.000000000000000104e-04
3.488303955999999744e+02 2.517979040000000168e+01 2.066000000000000059e-01
3.487907640999999899e+02 2.517499929999999964e+01 2.599999999999999881e-02
3.487872350999999753e+02 2.517411650000000023e+01 5.729999999999999677e-02
3.488606373000000076e+02 2.515814699999999959e+01 1.376000000000000001e-01
3.488358916000000249e+02 2.515608280000000008e+01 1.915000000000000036e-01
3.488158819999999878e+02 2.515375299999999825e+01 9.539999999999999869e-02
3.488636508000000163e+02 2.515777669999999944e+01 2.730000000000000135e-02
3.488235530000000040e+02 2.515008140000000125e+01 2.162999999999999923e-01
3.488064570000000231e+02 2.514745920000000012e+01 5.949999999999999734e-02
3.488015477999999803e+02 2.514538280000000015e+01 8.999999999999999754e-04
3.488598352999999861e+02 2.515270789999999934e+01 2.299999999999999961e-02
3.488268580000000156e+02 2.514766150000000167e+01 1.161999999999999977e-01
3.488549628000000098e+02 2.514928809999999970e+01 4.710000000000000298e-02
3.488613816999999813e+02 2.514975000000000094e+01 1.532999999999999918e-01
3.488199640000000272e+02 2.514514169999999993e+01 5.720000000000000084e-02
3.488524484999999800e+02 2.514772370000000024e+01 5.990000000000000185e-02
3.488457255999999802e+02 2.514617000000000147e+01 2.599999999999999881e-03
3.488103977999999756e+02 2.514157670000000167e+01 8.999999999999999754e-04
3.488414902999999754e+02 2.514650260000000159e+01 2.565999999999999948e-01
3.487938045000000216e+02 2.514040990000000164e+01 4.499999999999999660e-03
3.488204885999999760e+02 2.514310680000000175e+01 6.890000000000000291e-02
3.487997808000000077e+02 2.513991539999999958e+01 1.990000000000000102e-02
3.488228449999999725e+02 2.514216370000000111e+01 1.579000000000000126e-01
3.488583434999999895e+02 2.514679750000000169e+01 2.008999999999999952e-01
3.488589966000000118e+02 2.514578709999999973e+01 3.099999999999999978e-02
3.488126884000000132e+02 2.513860049999999902e+01 1.168000000000000010e-01
3.488229321000000027e+02 2.513794809999999913e+01 8.999999999999999754e-04
3.488676338000000214e+02 2.514335480000000089e+01 1.812000000000000000e-01
3.488560004000000276e+02 2.514043870000000069e+01 1.721000000000000030e-01
3.488235462999999754e+02 2.513318029999999936e+01 1.179999999999999938e-01
3.488270337999999811e+02 2.513504500000000164e+01 2.291999999999999871e-01
3.488478604000000018e+02 2.513366010000000017e+01 9.400000000000000369e-03
3.488025858999999969e+02 2.512868800000000036e+01 1.448000000000000120e-01
3.488666686999999911e+02 2.513495659999999887e+01 8.939999999999999336e-02
3.488382037000000082e+02 2.512938889999999859e+01 1.359999999999999924e-02
3.488304006000000186e+02 2.512755969999999905e+01 1.497999999999999887e-01
3.487975356000000033e+02 2.512294139999999842e+01 2.040000000000000147e-02
3.488098514000000137e+02 2.512412840000000003e+01 8.590000000000000413e-02
3.488180793000000222e+02 2.512317540000000093e+01 1.799999999999999951e-03
3.488625121000000036e+02 2.512608889999999917e+01 3.899999999999999821e-03
3.488044183999999746e+02 2.512003849999999971e+01 1.290000000000000036e-01
3.488045108000000027e+02 2.511904170000000036e+01 2.639999999999999986e-02
3.488107388000000242e+02 2.515808439999999990e+01 2.154999999999999971e-01
3.488570806000000175e+02 2.512201590000000095e+01 4.000000000000000083e-03
3.488559258000000227e+02 2.512106400000000050e+01 8.719999999999999973e-02
3.488583060999999930e+02 2.511692010000000153e+01 2.899999999999999800e-03
3.488182830000000081e+02 2.511322699999999841e+01 7.399999999999999634e-02
3.488135290999999825e+02 2.511214400000000069e+01 2.980000000000000010e-02
3.488315741000000116e+02 2.511240319999999926e+01 4.540000000000000285e-02
3.487987590999999838e+02 2.511936580000000063e+01 9.080000000000000571e-02
3.488025850000000219e+02 2.510801209999999983e+01 2.139999999999999888e-02
3.488635218000000009e+02 2.511414200000000108e+01 2.680000000000000090e-02
3.488308486000000244e+02 2.510758039999999980e+01 2.570000000000000062e-02
3.488524664000000257e+02 2.510863709999999926e+01 7.639999999999999569e-02
3.487942031000000043e+02 2.510144749999999902e+01 6.600000000000000311e-02
3.487943898999999988e+02 2.510052329999999898e+01 1.217000000000000026e-01
3.488007819000000040e+02 2.510082009999999997e+01 7.689999999999999614e-02
3.488213185000000180e+02 2.510346369999999894e+01 5.650000000000000161e-02
3.488421582999999941e+02 2.510470120000000094e+01 8.709999999999999687e-02
3.488422989000000030e+02 2.510442799999999863e+01 9.529999999999999583e-02
3.488492431999999894e+02 2.510331109999999910e+01 5.419999999999999818e-02
3.488463681999999721e+02 2.510305389999999903e+01 1.524999999999999967e-01
3.488205621999999835e+02 2.509921140000000150e+01 2.390000000000000110e-02
3.488299812000000202e+02 2.509658680000000075e+01 1.144000000000000017e-01
3.488161582000000180e+02 2.509316979999999830e+01 5.999999999999999474e-04
3.488466945000000123e+02 2.509728870000000001e+01 5.720000000000000084e-02
3.488457634999999755e+02 2.509585679999999996e+01 1.484999999999999931e-01
3.488653722999999900e+02 2.509712280000000106e+01 8.419999999999999707e-02
3.488329562999999780e+02 2.509304099999999949e+01 2.840000000000000163e-02
3.488200261999999725e+02 2.508991680000000102e+01 4.630000000000000088e-02
3.488430376000000024e+02 2.509168550000000053e+01 1.140000000000000041e-02
3.488419117999999912e+02 2.509110950000000173e+01 2.000000000000000042e-03
3.488151740000000132e+02 2.508859989999999840e+01 4.989999999999999991e-02
3.488031275000000164e+02 2.508650760000000091e+01 4.400000000000000265e-03
3.488566351000000054e+02 2.508889699999999934e+01 1.421000000000000041e-01
3.488428673000000231e+02 2.508599239999999853e+01 7.920000000000000651e-02
3.488258637999999792e+02 2.508253399999999900e+01 6.669999999999999540e-02
3.488188743000000045e+02 2.508834930000000085e+01 5.430000000000000104e-02
3.488200403000000165e+02 2.508117079999999888e+01 1.270999999999999908e-01
3.488664469000000281e+02 2.508612060000000099e+01 1.396000000000000019e-01
3.488641220999999746e+02 2.518342300000000122e+01 8.999999999999999320e-03
3.488154215999999792e+02 2.508618699999999890e+01 2.562999999999999723e-01
3.488057843000000275e+02 2.518614200000000025e+01 1.567000000000000060e-01
3.488117358999999738e+02 2.518379099999999937e+01 5.499999999999999681e-03
3.487831747000000178e+02 2.518278120000000087e+01 1.479000000000000037e-01
3.488472065000000271e+02 2.518739509999999981e+01 1.486000000000000099e-01
3.488401160000000232e+02 2.518169969999999935e+01 3.099999999999999891e-03
3.488352471000000037e+02 2.518412070000000114e+01 1.600000000000000077e-03
3.488391669000000093e+02 2.518845340000000022e+01 7.679999999999999327e-02
3.487956942999999796e+02 2.518078990000000061e+01 1.050000000000000065e-02
3.488577515000000062e+02 2.518728330000000071e+01 5.199999999999999761e-02
3.488443427000000270e+02 2.518405100000000019e+01 1.436999999999999944e-01
3.487915555000000154e+02 2.517867269999999991e+01 1.231000000000000011e-01
3.488498882000000094e+02 2.518323099999999926e+01 5.269999999999999685e-02
3.487881484000000114e+02 2.517783430000000067e+01 2.819999999999999937e-02
3.487977199000000041e+02 2.517872069999999951e+01 1.474999999999999922e-01
3.488533603999999855e+02 2.518191029999999841e+01 1.988999999999999935e-01
3.488398685000000228e+02 2.517716539999999981e+01 1.295999999999999930e-01
3.488412799000000177e+02 2.517430179999999851e+01 8.999999999999999754e-04
3.488608502000000158e+02 2.517933590000000166e+01 1.959999999999999937e-02
3.488559500999999727e+02 2.517821730000000002e+01 1.250000000000000069e-02
3.488596266000000128e+02 2.517195750000000132e+01 1.277999999999999969e-01
3.488110727000000111e+02 2.516962219999999917e+01 2.263000000000000012e-01
3.488563583999999764e+02 2.517261309999999952e+01 1.345999999999999974e-01
3.488631821000000173e+02 2.516747420000000091e+01 5.879999999999999810e-02
3.488417567999999847e+02 2.516770950000000084e+01 1.439999999999999961e-02
3.488604996000000256e+02 2.516804420000000064e+01 1.303999999999999881e-01
3.488468912999999816e+02 2.516631440000000097e+01 1.781999999999999973e-01
3.488567060999999967e+02 2.516818329999999904e+01 4.440000000000000197e-02
3.487851957999999968e+02 2.516088420000000170e+01 1.689999999999999836e-02
3.487906396999999856e+02 2.515538069999999848e+01 2.000000000000000096e-04
3.488559298000000126e+02 2.516045809999999960e+01 1.899999999999999996e-03
3.488200843000000191e+02 2.515900239999999854e+01 7.439999999999999392e-02
3.488199240999999802e+02 2.516286140000000060e+01 2.023999999999999966e-01
3.488640728999999965e+02 2.516019000000000005e+01 7.670000000000000429e-02
3.488428304000000253e+02 2.515803169999999866e+01 4.150000000000000216e-02
3.488258238000000233e+02 2.515382909999999939e+01 1.379999999999999977e-02
3.488567292999999836e+02 2.515405519999999839e+01 9.299999999999999239e-03
