3.455039654000000269e+02 1.596482999999999919e+01 2.999999999999999737e-04
3.455085829999999874e+02 1.591411800000000021e+01 5.999999999999999474e-04
3.455393930000000182e+02 1.591696100000000058e+01 2.649999999999999925e-02
3.455287921999999980e+02 1.591628260000000061e+01 5.979999999999999899e-02
3.455019775999999752e+02 1.591553520000000077e+01 2.589999999999999941e-02
3.455193001999999751e+02 1.591676320000000011e+01 5.949999999999999734e-02
3.455257851999999730e+02 1.591698650000000015e+01 1.155000000000000054e-01
3.455050072000000227e+02 1.592190779999999961e+01 1.409999999999999865e-01
3.455079205999999772e+02 1.592508720000000011e+01 1.430000000000000021e-02
3.455241553000000181e+02 1.592580820000000053e+01 9.600000000000000200e-02
3.455415118000000234e+02 1.592775999999999925e+01 1.592999999999999972e-01
3.455103576999999859e+02 1.592512280000000047e+01 8.459999999999999465e-02
3.455000421999999958e+02 1.592489559999999926e+01 9.959999999999999409e-02
3.455003176000000167e+02 1.592616809999999994e+01 8.160000000000000586e-02
3.454945849000000067e+02 1.592457019999999979e+01 1.806000000000000105e-01
3.454998812000000044e+02 1.592694449999999939e+01 1.129000000000000004e-01
3.455364721000000259e+02 1.593360589999999988e+01 2.500000000000000052e-03
3.455456474000000071e+02 1.593249789999999955e+01 6.019999999999999657e-02
3.455264960000000087e+02 1.593090860000000042e+01 9.099999999999999756e-02
3.455060905999999932e+02 1.592852290000000082e+01 1.078999999999999959e-01
3.454911218999999960e+02 1.592833000000000077e+01 6.610000000000000597e-02
3.455424072999999794e+02 1.593244679999999924e+01 1.428999999999999992e-01
3.454889612000000056e+02 1.593074859999999937e+01 1.260000000000000009e-02
3.455089924000000110e+02 1.593512420000000063e+01 2.019999999999999921e-02
3.455184914999999819e+02 1.593485830000000014e+01 1.034999999999999948e-01
3.455302737000000093e+02 1.593601169999999989e+01 1.295999999999999930e-01
3.455146412999999939e+02 1.593554740000000081e+01 6.300000000000000044e-02
3.454958606000000145e+02 1.593554989999999982e+01 1.024000000000000049e-01
3.455054982999999993e+02 1.594165620000000061e+01 4.610000000000000209e-02
3.455335660000000075e+02 1.594077749999999938e+01 8.279999999999999860e-02
3.454929594000000179e+02 1.593744000000000050e+01 3.729999999999999982e-02
3.455349297000000206e+02 1.594346750000000057e+01 8.959999999999999909e-02
3.455079994000000170e+02 1.594151100000000021e+01 1.120000000000000023e-01
3.454953658000000019e+02 1.594758000000000031e+01 6.729999999999999871e-02
3.455318032999999787e+02 1.594563669999999966e+01 2.779999999999999832e-02
3.455168969000000061e+02 1.594396929999999912e+01 6.980000000000000093e-02
3.455082216000000130e+02 1.594264890000000001e+01 8.740000000000000546e-02
3.455290016999999807e+02 1.594631129999999963e+01 4.420000000000000318e-02
3.455165516999999795e+02 1.594504640000000073e+01 7.459999999999999964e-02
3.454892034000000081e+02 1.594275649999999978e+01 2.730000000000000135e-02
3.455115442000000030e+02 1.594407640000000015e+01 1.471999999999999975e-01
3.455029951999999867e+02 1.594381809999999966e+01 1.014000000000000040e-01
3.455107198000000039e+02 1.594522429999999957e+01 9.769999999999999518e-02
3.455203152000000273e+02 1.594747560000000064e+01 1.810000000000000150e-02
3.455059711000000107e+02 1.594541970000000042e+01 4.950000000000000233e-02
3.455218995999999834e+02 1.594717720000000050e+01 1.842999999999999916e-01
3.455046904000000154e+02 1.594849819999999951e+01 8.540000000000000369e-02
3.454983187000000271e+02 1.594907300000000028e+01 5.290000000000000258e-02
3.455087113999999815e+02 1.594970670000000013e+01 2.910000000000000087e-02
3.454946034999999824e+02 1.594820900000000030e+01 2.539999999999999897e-02
3.455178895999999895e+02 1.601656589999999980e+01 7.900000000000000772e-03
3.455028778000000216e+02 1.601517229999999969e+01 8.599999999999999312e-02
3.454974134000000277e+02 1.601398019999999889e+01 1.005999999999999950e-01
3.455360663000000159e+02 1.601460889999999893e+01 1.280000000000000061e-02
3.455156400000000190e+02 1.601336969999999837e+01 1.310999999999999943e-01
3.455188110999999935e+02 1.601312559999999863e+01 3.799999999999999906e-02
3.454907613999999967e+02 1.600975650000000172e+01 1.248999999999999971e-01
3.454906829999999900e+02 1.600799359999999893e+01 1.170000000000000033e-02
3.454858563999999888e+02 1.600717489999999898e+01 1.097000000000000058e-01
3.454915331999999921e+02 1.600696939999999913e+01 1.451000000000000068e-01
3.455089355000000069e+02 1.600720799999999855e+01 1.859999999999999848e-02
3.454852865999999949e+02 1.600174589999999952e+01 1.118999999999999995e-01
3.454953798000000234e+02 1.600220589999999987e+01 1.469000000000000028e-01
3.455048674000000233e+02 1.600285660000000121e+01 5.580000000000000238e-02
3.455209143000000154e+02 1.600398990000000055e+01 7.700000000000000247e-03
3.454900092999999970e+02 1.600094700000000003e+01 2.492999999999999938e-01
3.455356459999999856e+02 1.600241700000000122e+01 6.899999999999999883e-03
3.455251551000000063e+02 1.600325970000000098e+01 3.180000000000000188e-02
3.455052633000000242e+02 1.600108330000000123e+01 1.496999999999999997e-01
3.455019070000000170e+02 1.599998850000000061e+01 3.259999999999999704e-02
3.455084985999999958e+02 1.599951019999999957e+01 1.303999999999999881e-01
3.454959483000000091e+02 1.599709110000000045e+01 1.313000000000000000e-01
3.455406747000000109e+02 1.600011819999999929e+01 1.269000000000000128e-01
3.455381793000000243e+02 1.599893209999999932e+01 4.469999999999999668e-02
3.455413290000000188e+02 1.599880989999999947e+01 1.160000000000000059e-01
3.455040897999999743e+02 1.599466920000000059e+01 6.450000000000000178e-02
3.455032904999999914e+02 1.599265199999999965e+01 1.156999999999999973e-01
3.455338692000000265e+02 1.599548910000000035e+01 1.748999999999999999e-01
3.454936194000000000e+02 1.598364789999999935e+01 8.400000000000000522e-02
3.454984868000000233e+02 1.598608420000000052e+01 6.300000000000000044e-02
3.454975016999999866e+02 1.598324590000000001e+01 5.499999999999999681e-03
3.455234922999999867e+02 1.599331029999999920e+01 2.000000000000000042e-03
3.455312991999999781e+02 1.598534440000000068e+01 9.979999999999999982e-02
3.455387496999999826e+02 1.599140109999999915e+01 1.279000000000000137e-01
3.455198328999999831e+02 1.598381930000000040e+01 4.970000000000000112e-02
3.455234327000000008e+02 1.598327839999999966e+01 1.519000000000000072e-01
3.455216785000000073e+02 1.598248700000000078e+01 1.000000000000000021e-02
3.454932931000000167e+02 1.597994459999999961e+01 1.156999999999999973e-01
3.455307349999999929e+02 1.599413709999999966e+01 5.310000000000000137e-02
3.455064542999999730e+02 1.598051120000000047e+01 6.590000000000000024e-02
3.454970855000000256e+02 1.599016780000000004e+01 1.335999999999999965e-01
3.455285268000000087e+02 1.598196919999999999e+01 2.464999999999999969e-01
3.455001781999999935e+02 1.599133169999999993e+01 5.929999999999999855e-02
3.454924459999999726e+02 1.598752980000000079e+01 1.913999999999999868e-01
3.455139788999999837e+02 1.597709459999999915e+01 3.740000000000000269e-02
3.455330119000000195e+02 1.597854689999999955e+01 8.169999999999999485e-02
3.455277743999999984e+02 1.596427910000000061e+01 1.739999999999999880e-02
3.455438164000000256e+02 1.597198329999999977e+01 5.160000000000000003e-02
3.455133852000000161e+02 1.596338760000000079e+01 3.610000000000000014e-02
3.455216277000000105e+02 1.597346669999999946e+01 1.443000000000000116e-01
3.455163971000000060e+02 1.596264550000000071e+01 1.363000000000000045e-01
3.455214955999999802e+02 1.596279409999999999e+01 1.418000000000000094e-01
3.455197225000000003e+02 1.596258240000000050e+01 1.160000000000000059e-01
3.455230791000000181e+02 1.596901869999999946e+01 2.510000000000000078e-02
3.455329762999999730e+02 1.602654670000000081e+01 4.410000000000000031e-02
3.454942302000000041e+02 1.596601270000000028e+01 1.180999999999999966e-01
3.455190418999999906e+02 1.596132979999999968e+01 1.170000000000000033e-02
3.455228725000000054e+02 1.597256340000000030e+01 5.029999999999999749e-02
3.455170676000000185e+02 1.596384570000000025e+01 7.950000000000000122e-02
3.455234575999999720e+02 1.596435259999999978e+01 3.300000000000000155e-02
3.455291922000000113e+02 1.596106310000000050e+01 5.990000000000000185e-02
3.454896443000000090e+02 1.595689549999999990e+01 1.203999999999999931e-01
3.455349064999999769e+02 1.597375730000000082e+01 3.090000000000000038e-02
3.455178088999999773e+02 1.595838310000000071e+01 6.469999999999999363e-02
3.455103753000000211e+02 1.595622709999999955e+01 1.400000000000000029e-02
3.455168290999999954e+02 1.595663300000000007e+01 1.213999999999999940e-01
3.455168290999999954e+02 1.595663300000000007e+01 1.213999999999999940e-01
3.455170062999999914e+02 1.595627089999999981e+01 8.519999999999999796e-02
3.455170062999999914e+02 1.595627089999999981e+01 8.519999999999999796e-02
3.454973792999999773e+02 1.595503300000000024e+01 8.980000000000000482e-02
3.455306833999999867e+02 1.595795030000000025e+01 4.819999999999999979e-02
3.455034011999999848e+02 1.595479120000000073e+01 7.850000000000000033e-02
3.455266305999999759e+02 1.595694890000000044e+01 1.471999999999999975e-01
3.454976067000000057e+02 1.595365119999999948e+01 7.040000000000000424e-02
3.455115812000000233e+02 1.595433659999999954e+01 1.220000000000000077e-02
3.454922675999999910e+02 1.595268800000000020e+01 1.534999999999999976e-01
3.455082656000000156e+02 1.595321000000000033e+01 8.200000000000000344e-02
3.454900301999999783e+02 1.595141729999999924e+01 9.750000000000000333e-02
3.455120342000000164e+02 1.595329040000000020e+01 1.082999999999999935e-01
3.455026538999999843e+02 1.595177849999999964e+01 7.209999999999999742e-02
3.454921312000000171e+02 1.595087280000000085e+01 1.849999999999999978e-01
3.455219093000000044e+02 1.596697400000000044e+01 1.208999999999999936e-01
3.455048879000000284e+02 1.594966020000000029e+01 1.082000000000000045e-01
3.455051098999999795e+02 1.594923479999999927e+01 9.619999999999999385e-02
3.455189839000000234e+02 1.595165279999999974e+01 1.203999999999999931e-01
3.454832678000000215e+02 1.605564860000000138e+01 7.230000000000000315e-02
3.455107801999999992e+02 1.595031250000000078e+01 6.539999999999999980e-02
3.455240693000000078e+02 1.595143550000000054e+01 1.058000000000000052e-01
3.455343103000000156e+02 1.597095569999999931e+01 7.499999999999999722e-03
3.454923947999999996e+02 1.605659359999999936e+01 1.537999999999999923e-01
3.454913763000000131e+02 1.604306850000000040e+01 1.453000000000000125e-01
3.454946714000000156e+02 1.604851169999999883e+01 1.600000000000000033e-02
3.455206099999999765e+02 1.601743069999999847e+01 3.000000000000000062e-03
3.455282516999999984e+02 1.605585629999999853e+01 7.199999999999999803e-03
3.454854435999999964e+02 1.605308869999999999e+01 1.519999999999999997e-02
3.455213352999999756e+02 1.605460940000000036e+01 9.499999999999999764e-03
3.454889617000000044e+02 1.605099750000000114e+01 5.380000000000000060e-02
3.455312789999999836e+02 1.605020999999999987e+01 2.096000000000000085e-01
3.454842970000000264e+02 1.604733119999999857e+01 1.050000000000000065e-02
3.454777387999999974e+02 1.604660579999999825e+01 5.170000000000000290e-02
3.455135043999999880e+02 1.604944899999999919e+01 1.265999999999999903e-01
3.454891963000000032e+02 1.604354509999999934e+01 7.090000000000000469e-02
3.454938971999999922e+02 1.604389030000000105e+01 1.569000000000000117e-01
3.455356934999999794e+02 1.604902459999999920e+01 3.520000000000000212e-02
3.455125431000000162e+02 1.604265600000000092e+01 1.527000000000000024e-01
3.455248775000000023e+02 1.604257690000000025e+01 3.299999999999999982e-03
3.455173811000000228e+02 1.604034860000000151e+01 2.570000000000000062e-02
3.455260741999999823e+02 1.602894369999999924e+01 5.689999999999999919e-02
3.454960161999999855e+02 1.601979449999999972e+01 1.116999999999999937e-01
3.455136815000000183e+02 1.602991469999999907e+01 7.270000000000000073e-02
3.455046633000000043e+02 1.603530849999999930e+01 1.650999999999999968e-01
3.455117281000000276e+02 1.602891530000000131e+01 6.010000000000000064e-02
3.455355002000000013e+02 1.602606090000000094e+01 1.980000000000000163e-02
3.455063253000000145e+02 1.602766129999999833e+01 2.369999999999999885e-02
3.454825412999999799e+02 1.602510410000000007e+01 8.039999999999999925e-02
3.455106167000000141e+02 1.602076059999999913e+01 2.200000000000000133e-03
3.455242757999999981e+02 1.602737690000000015e+01 1.925999999999999934e-01
3.454904746000000273e+02 1.602248020000000039e+01 8.000000000000000383e-04
3.454846236999999860e+02 1.602197590000000105e+01 3.799999999999999906e-02
3.455229297999999858e+02 1.602687600000000145e+01 9.569999999999999341e-02
3.454809793000000013e+02 1.602005060000000114e+01 2.033999999999999975e-01
3.455182431999999721e+02 1.602274420000000177e+01 7.320000000000000118e-02
3.454850197000000094e+02 1.601927840000000103e+01 1.572000000000000064e-01
1.410692424000000074e+02 4.924703949999999963e+01 4.000000000000000192e-04
1.411159244000000115e+02 4.923837240000000293e+01 1.136999999999999955e-01
1.410438107999999886e+02 4.926786330000000191e+01 4.769999999999999934e-02
1.410165394999999933e+02 4.925359519999999947e+01 1.147999999999999993e-01
1.410641538000000139e+02 4.927564499999999725e+01 5.099999999999999672e-02
1.410651182999999946e+02 4.927481879999999848e+01 6.219999999999999835e-02
1.410396201000000076e+02 4.925999780000000072e+01 3.139999999999999736e-02
1.410343320000000062e+02 4.925604549999999904e+01 1.710000000000000062e-02
1.410423239000000137e+02 4.925755439999999652e+01 6.999999999999999929e-04
1.410415158000000133e+02 4.925554850000000329e+01 1.370000000000000037e-02
1.410554152999999928e+02 4.926155829999999725e+01 5.029999999999999749e-02
1.410299741999999981e+02 4.924952280000000115e+01 2.119999999999999940e-01
1.410341267999999957e+02 4.926680100000000095e+01 3.139999999999999736e-02
1.410684793000000070e+02 4.926609409999999656e+01 6.149999999999999911e-02
1.410185805000000130e+02 4.925847989999999754e+01 5.960000000000000020e-02
1.410910828000000095e+02 4.925863269999999972e+01 6.529999999999999694e-02
1.410590249999999912e+02 4.923738290000000006e+01 5.609999999999999709e-02
1.410708534999999983e+02 4.926719920000000030e+01 7.739999999999999658e-02
1.410989103999999941e+02 4.925265929999999770e+01 3.520000000000000212e-02
1.411075600000000065e+02 4.925627990000000267e+01 7.000000000000000146e-03
1.410661422000000016e+02 4.923517950000000098e+01 2.309999999999999901e-02
1.411098053999999991e+02 4.925435089999999860e+01 1.039999999999999952e-01
1.410704944000000012e+02 4.923497840000000281e+01 1.209999999999999964e-02
1.410648019999999860e+02 4.923259989999999675e+01 1.159000000000000030e-01
1.410673047999999881e+02 4.923201410000000067e+01 9.080000000000000571e-02
1.411047412000000065e+02 4.924948909999999813e+01 8.780000000000000304e-02
1.411022613000000092e+02 4.924678279999999830e+01 8.010000000000000453e-02
1.410532123000000126e+02 4.922122039999999998e+01 7.510000000000000009e-02
1.410730800000000045e+02 4.922867920000000197e+01 7.969999999999999307e-02
1.410624280000000113e+02 4.922134909999999763e+01 1.021999999999999992e-01
1.410821870999999987e+02 4.923045530000000269e+01 8.580000000000000127e-02
1.410728363000000058e+02 4.922361269999999678e+01 9.120000000000000329e-02
1.411033797000000050e+02 4.923766220000000260e+01 8.669999999999999929e-02
1.410903270000000020e+02 4.923095090000000340e+01 2.319999999999999840e-02
1.410887730000000033e+02 4.922930649999999986e+01 7.320000000000000118e-02
1.410896156000000019e+02 4.922834189999999666e+01 1.078000000000000069e-01
1.410168664999999919e+02 4.925715220000000016e+01 5.160000000000000003e-02
3.488467049000000202e+02 2.505377169999999865e+01 2.999999999999999737e-04
3.488165288999999802e+02 2.504444990000000004e+01 6.999999999999999929e-04
3.488070963999999776e+02 2.504219820000000141e+01 4.700000000000000185e-03
3.488227474999999913e+02 2.504366650000000050e+01 4.199999999999999740e-03
3.488415785000000255e+02 2.504330080000000081e+01 8.740000000000000546e-02
3.488162300000000187e+02 2.504234429999999989e+01 6.859999999999999432e-02
3.488543697000000066e+02 2.504933949999999854e+01 7.989999999999999880e-02
3.488300570000000107e+02 2.504897479999999987e+01 3.660000000000000059e-02
3.488294935999999780e+02 2.505007459999999853e+01 2.110000000000000070e-02
3.488539400000000228e+02 2.505099669999999890e+01 6.829999999999999960e-02
3.488713971000000242e+02 2.512043249999999972e+01 8.000000000000000383e-04
3.488310235999999804e+02 2.505251279999999880e+01 4.179999999999999688e-02
3.488218087999999852e+02 2.505057400000000101e+01 3.919999999999999873e-02
3.488102880999999797e+02 2.504933339999999831e+01 6.719999999999999585e-02
3.488571349000000055e+02 2.505407560000000089e+01 4.769999999999999934e-02
3.488245175999999788e+02 2.505163920000000033e+01 6.489999999999999936e-02
3.487996261000000118e+02 2.504916520000000091e+01 4.959999999999999826e-02
3.488072323999999753e+02 2.505073009999999911e+01 3.599999999999999728e-02
3.488159946000000105e+02 2.505458409999999958e+01 3.700000000000000164e-03
3.488126475999999911e+02 2.505214769999999902e+01 6.880000000000000004e-02
3.488768119999999726e+02 2.506400670000000019e+01 2.000000000000000042e-03
3.488107696000000146e+02 2.505267299999999864e+01 1.909999999999999892e-02
3.488128891999999723e+02 2.505441430000000125e+01 7.900000000000000078e-02
3.488691762999999924e+02 2.506302870000000027e+01 3.849999999999999950e-02
3.488102245000000039e+02 2.505446069999999992e+01 8.309999999999999332e-02
3.488663882999999828e+02 2.506118610000000047e+01 7.770000000000000517e-02
3.488313016999999832e+02 2.506448190000000054e+01 4.229999999999999732e-02
3.488001262999999881e+02 2.505685860000000176e+01 8.949999999999999623e-02
3.488584314999999947e+02 2.506513410000000164e+01 8.300000000000000086e-03
3.488683030999999914e+02 2.506557520000000139e+01 3.599999999999999728e-02
3.488558077000000139e+02 2.506776340000000047e+01 2.000000000000000042e-03
3.488040836999999783e+02 2.506260879999999958e+01 2.730000000000000135e-02
3.488321768999999790e+02 2.506513759999999991e+01 2.270000000000000143e-02
3.488065720000000169e+02 2.506701959999999829e+01 6.700000000000000226e-03
3.488657483000000070e+02 2.507332650000000029e+01 1.699999999999999905e-03
3.488007137999999827e+02 2.506342409999999887e+01 5.439999999999999697e-02
3.487987219999999979e+02 2.506378769999999889e+01 4.370000000000000273e-02
3.488354939999999829e+02 2.506631540000000058e+01 6.270000000000000573e-02
3.488492711999999756e+02 2.507055820000000068e+01 1.930000000000000118e-02
3.488030754999999772e+02 2.506889380000000145e+01 1.000000000000000021e-02
3.488224804999999833e+02 2.506922750000000022e+01 4.760000000000000342e-02
3.488364743999999860e+02 2.507297700000000162e+01 1.089999999999999997e-02
3.488234312000000159e+02 2.507339100000000087e+01 2.700000000000000143e-03
3.488502905000000283e+02 2.507462220000000030e+01 2.740000000000000074e-02
3.488120248999999831e+02 2.507123310000000060e+01 5.920000000000000262e-02
3.488308210999999801e+02 2.507258050000000082e+01 3.880000000000000115e-02
3.488625140999999985e+02 2.508311799999999891e+01 5.000000000000000104e-04
3.488206073000000060e+02 2.507246170000000163e+01 1.190000000000000085e-02
3.488601646000000187e+02 2.507556280000000015e+01 1.019000000000000045e-01
3.488085393000000067e+02 2.507335840000000005e+01 6.429999999999999605e-02
3.488191105999999877e+02 2.507428140000000027e+01 5.469999999999999862e-02
3.488514908000000219e+02 2.508121600000000129e+01 2.799999999999999972e-03
3.488535855000000083e+02 2.507799239999999941e+01 9.869999999999999607e-02
3.488304924000000256e+02 2.507732740000000149e+01 4.359999999999999987e-02
3.488136771999999723e+02 2.507508070000000089e+01 5.340000000000000302e-02
3.488082651000000283e+02 2.507753740000000064e+01 2.170000000000000054e-02
3.488697644999999739e+02 2.508214020000000133e+01 9.220000000000000417e-02
3.488328129999999874e+02 2.515142170000000021e+01 2.280000000000000082e-02
3.488548192000000085e+02 2.519027630000000073e+01 5.000000000000000104e-04
3.488081885000000284e+02 2.518388069999999956e+01 2.999999999999999737e-04
3.488304337000000146e+02 2.517987150000000085e+01 8.849999999999999534e-02
3.487907733999999778e+02 2.517503419999999892e+01 1.179999999999999973e-02
3.487872661000000107e+02 2.517409320000000150e+01 2.740000000000000074e-02
3.488605860000000121e+02 2.515818399999999855e+01 5.000000000000000278e-02
3.488358190999999806e+02 2.515607479999999896e+01 9.339999999999999691e-02
3.488159299000000146e+02 2.515372879999999967e+01 4.680000000000000132e-02
3.488636571999999774e+02 2.515776729999999972e+01 1.329999999999999932e-02
3.488235374000000206e+02 2.515004899999999921e+01 7.119999999999999940e-02
3.488064638000000173e+02 2.514743830000000102e+01 2.779999999999999832e-02
3.488015507999999727e+02 2.514538040000000052e+01 5.000000000000000104e-04
3.488598266000000194e+02 2.515269909999999953e+01 1.140000000000000041e-02
3.488268615999999724e+02 2.514763740000000070e+01 4.900000000000000189e-02
3.488549732000000176e+02 2.514925069999999963e+01 2.199999999999999872e-02
3.488614034999999944e+02 2.514973240000000132e+01 6.539999999999999980e-02
3.488199778000000038e+02 2.514515670000000114e+01 2.730000000000000135e-02
3.488523913000000221e+02 2.514774560000000037e+01 2.510000000000000078e-02
3.488457263999999896e+02 2.514616699999999838e+01 1.299999999999999940e-03
3.488103924000000120e+02 2.514157399999999853e+01 5.000000000000000104e-04
3.488414859000000092e+02 2.514646249999999839e+01 1.580000000000000016e-01
3.487938042999999766e+02 2.514040960000000169e+01 2.299999999999999961e-03
3.488204759000000195e+02 2.514311989999999852e+01 3.020000000000000115e-02
3.487997642999999925e+02 2.513992719999999892e+01 9.199999999999999845e-03
3.488228207999999881e+02 2.514216270000000009e+01 6.560000000000000553e-02
3.488584362000000283e+02 2.514674129999999863e+01 7.159999999999999698e-02
3.488590045000000259e+02 2.514578549999999879e+01 1.519999999999999997e-02
3.488127132999999844e+02 2.513858069999999856e+01 5.480000000000000149e-02
3.488229345999999964e+02 2.513794680000000170e+01 5.000000000000000104e-04
3.488676244000000111e+02 2.514335120000000146e+01 8.229999999999999816e-02
3.488560395000000085e+02 2.514040639999999982e+01 9.139999999999999514e-02
3.488236415999999736e+02 2.513312399999999869e+01 5.290000000000000258e-02
3.488269687000000090e+02 2.513510439999999946e+01 1.267999999999999960e-01
3.488478632999999718e+02 2.513366329999999849e+01 4.700000000000000185e-03
3.488025455000000079e+02 2.512867220000000046e+01 6.450000000000000178e-02
3.488666322000000264e+02 2.513495620000000130e+01 4.490000000000000241e-02
3.488381972000000246e+02 2.512938339999999826e+01 7.199999999999999803e-03
3.488303880999999933e+02 2.512753359999999958e+01 7.910000000000000364e-02
3.487975081999999816e+02 2.512293909999999997e+01 1.009999999999999960e-02
3.488099387999999976e+02 2.512409290000000084e+01 3.710000000000000103e-02
3.488180785999999785e+02 2.512317330000000126e+01 1.000000000000000021e-03
3.488625157999999828e+02 2.512608619999999959e+01 2.000000000000000042e-03
3.488043897000000015e+02 2.512003999999999948e+01 5.979999999999999899e-02
3.488045195999999919e+02 2.511905189999999877e+01 1.319999999999999993e-02
3.488107481999999777e+02 2.515805489999999978e+01 8.820000000000000062e-02
3.488570859000000155e+02 2.512201410000000124e+01 2.099999999999999870e-03
3.488559255000000121e+02 2.512103219999999837e+01 4.989999999999999991e-02
3.488583087999999748e+02 2.511692310000000106e+01 1.399999999999999986e-03
3.488182944000000134e+02 2.511321080000000094e+01 3.899999999999999994e-02
3.488135280999999850e+02 2.511213120000000032e+01 1.580000000000000154e-02
3.488315316000000053e+02 2.511245230000000106e+01 1.930000000000000118e-02
3.487987613999999894e+02 2.511933870000000013e+01 4.089999999999999886e-02
3.488025837999999794e+02 2.510800379999999876e+01 1.099999999999999936e-02
3.488635383999999817e+02 2.511414170000000112e+01 1.209999999999999964e-02
3.488308322999999973e+02 2.510760039999999904e+01 1.140000000000000041e-02
3.488524638999999752e+02 2.510863549999999833e+01 3.429999999999999716e-02
3.487942145999999752e+02 2.510146479999999869e+01 3.330000000000000321e-02
3.487943578000000002e+02 2.510051670000000001e+01 6.410000000000000420e-02
3.488007784999999785e+02 2.510081810000000146e+01 3.540000000000000091e-02
3.488212952000000087e+02 2.510344500000000068e+01 2.719999999999999848e-02
3.488422593999999890e+02 2.510458020000000090e+01 2.740000000000000074e-02
3.488422593999999890e+02 2.510458020000000090e+01 2.740000000000000074e-02
3.488492904999999951e+02 2.510330379999999906e+01 2.440000000000000155e-02
3.488463462999999933e+02 2.510310030000000125e+01 6.679999999999999827e-02
3.488205631000000153e+02 2.509919439999999824e+01 1.260000000000000009e-02
3.488300153000000137e+02 2.509659100000000009e+01 4.950000000000000233e-02
3.488161569999999756e+02 2.509316850000000088e+01 2.999999999999999737e-04
3.488466913999999974e+02 2.509727579999999847e+01 2.589999999999999941e-02
3.488457948000000215e+02 2.509586510000000104e+01 7.230000000000000315e-02
3.488653914000000213e+02 2.509711330000000018e+01 4.139999999999999930e-02
3.488329704999999876e+02 2.509304459999999892e+01 1.370000000000000037e-02
3.488200424999999996e+02 2.508991250000000051e+01 2.270000000000000143e-02
3.488430597999999918e+02 2.509168269999999978e+01 5.300000000000000024e-03
3.488419208000000253e+02 2.509110629999999986e+01 8.999999999999999754e-04
3.488151857999999947e+02 2.508857450000000000e+01 2.400000000000000050e-02
3.488031290000000126e+02 2.508650420000000025e+01 2.299999999999999961e-03
3.488566498000000138e+02 2.508892189999999900e+01 6.579999999999999738e-02
3.488428635999999869e+02 2.508602940000000103e+01 3.379999999999999671e-02
3.488258877000000098e+02 2.508251680000000050e+01 3.150000000000000022e-02
3.488188895000000116e+02 2.508833810000000142e+01 2.549999999999999836e-02
3.488200936000000070e+02 2.508118890000000079e+01 5.410000000000000225e-02
3.488664650000000051e+02 2.508609919999999960e+01 7.240000000000000602e-02
3.488641215000000102e+02 2.518342379999999991e+01 4.400000000000000265e-03
3.488153884000000176e+02 2.508622060000000076e+01 8.680000000000000215e-02
3.488057858000000238e+02 2.518620250000000027e+01 6.529999999999999694e-02
3.488117159999999899e+02 2.518379050000000063e+01 2.899999999999999800e-03
3.487831499000000122e+02 2.518283239999999878e+01 6.529999999999999694e-02
3.488471556999999734e+02 2.518748599999999982e+01 6.919999999999999762e-02
3.488401159000000007e+02 2.518171179999999865e+01 1.600000000000000077e-03
3.488352424999999926e+02 2.518413819999999959e+01 8.000000000000000383e-04
3.488391500999999835e+02 2.518846920000000011e+01 3.450000000000000289e-02
3.487957076000000143e+02 2.518080610000000163e+01 5.000000000000000104e-03
3.488577142999999978e+02 2.518729980000000168e+01 2.610000000000000167e-02
3.488443293000000267e+02 2.518406039999999990e+01 6.370000000000000662e-02
3.487915810999999735e+02 2.517868909999999971e+01 5.890000000000000097e-02
3.488499057999999877e+02 2.518322669999999874e+01 2.639999999999999986e-02
3.487881487000000220e+02 2.517784089999999964e+01 1.349999999999999985e-02
3.487977508000000171e+02 2.517878410000000144e+01 6.650000000000000355e-02
3.488532978000000071e+02 2.518190279999999959e+01 1.132999999999999979e-01
3.488398662999999829e+02 2.517716180000000037e+01 5.879999999999999810e-02
3.488412890000000175e+02 2.517430239999999841e+01 5.000000000000000104e-04
3.488608605000000011e+02 2.517932800000000171e+01 9.100000000000000450e-03
3.488559442000000104e+02 2.517821989999999843e+01 5.899999999999999863e-03
3.488595897000000150e+02 2.517184100000000058e+01 6.850000000000000533e-02
3.488110219000000143e+02 2.516960920000000002e+01 1.160000000000000059e-01
3.488563133000000107e+02 2.517245610000000156e+01 5.700000000000000205e-02
3.488631881000000021e+02 2.516746559999999988e+01 2.790000000000000119e-02
3.488417734999999880e+02 2.516771370000000019e+01 7.300000000000000065e-03
3.488605261999999811e+02 2.516805220000000176e+01 6.279999999999999472e-02
3.488468980999999758e+02 2.516628670000000056e+01 9.650000000000000244e-02
3.488566994000000250e+02 2.516817520000000030e+01 2.139999999999999888e-02
3.487851908000000094e+02 2.516088329999999829e+01 8.500000000000000611e-03
3.487906401000000187e+02 2.515537929999999989e+01 1.000000000000000048e-04
3.488559351999999762e+02 2.516045919999999825e+01 1.000000000000000021e-03
3.488200817000000029e+02 2.515899220000000014e+01 3.309999999999999748e-02
3.488198547000000076e+02 2.516276390000000163e+01 8.359999999999999376e-02
3.488641620999999873e+02 2.516017730000000086e+01 3.459999999999999881e-02
3.488428675999999768e+02 2.515802520000000086e+01 2.060000000000000026e-02
3.488258248999999864e+02 2.515381869999999864e+01 6.799999999999999621e-03
3.488567765999999892e+02 2.515403609999999901e+01 5.400000000000000286e-03
