101
1011
102
1021
1027
1037
1042
1044
1051
1052
1056
1058
108
109
110
1106
1107
1108
1113
1119
112
1124
1125
1128
1129
1131
1138
1139
1144
1147
1149
1153
1154
1158
1160
1170
1175
1186
1187
119
120
121
1221
1224
1237
1238
1255
1276
1285
1286
1288
129
1292
1293
1301
1303
1306
1309
1326
1333
1337
1346
1347
1353
1359
1362
1371
1382
1387
1405
1412
1413
1419
1422
1433
1439
1450
146
1462
1464
1472
1478
1485
1491
1495
1498
1502
1511
1516
1520
1523
1524
1525
1546
1550
1552
156
1566
1572
1575
1577
1583
1591
1594
1609
1611
1614
1621
1625
1627
1628
163
1632
1634
1638
165
1654
1656
1665
1675
168
1693
1700
1713
1717
1720
1721
1723
1736
1737
1739
1741
1743
1746
1747
1748
1754
176
1771
1772
1776
1781
1782
1784
1787
1788
179
1791
1794
1797
1805
1817
1828
1835
1841
1844
1848
186
1862
1863
1868
1869
1882
1886
1888
1889
190
1903
1905
1908
1909
1913
1914
1916
1921
1924
1926
1927
1933
1934
1936
1940
1953
1957
1958
1970
1971
1973
1981
1996
2003
2016
2022
2026
2027
2028
2035
2040
2043
2045
2046
2047
2048
205
2051
2057
206
2061
2062
2064
2065
2068
2076
208
2081
2088
2106
2118
212
2120
2121
2131
2133
2134
2136
2138
2139
2147
2148
2150
2151
2154
2159
2162
2168
218
219
2192
2194
2195
2210
2216
2221
2223
2228
223
2231
2232
2241
2243
2254
2260
2266
2268
2269
227
2279
2286
2287
2290
2291
2298
23
2302
2309
2312
2314
2316
2317
2324
2325
2327
2331
2332
2342
2352
2357
2359
2360
2362
2365
2366
2370
2371
2372
2374
2377
2381
2382
2384
2387
2388
2390
2393
2394
2397
2398
240
2416
2420
2429
243
2431
2432
2435
2440
2458
2464
2469
2472
2473
2478
2479
2481
2482
2483
250
2501
2504
2514
2517
2520
2522
2527
2536
2537
2540
2544
2547
255
2553
2555
2559
2572
2575
2578
258
2591
2597
2598
2600
2604
2614
2615
2616
2617
2621
2622
2627
263
2642
2649
2650
2653
2655
2666
2680
2691
2699
2711
2712
2714
2717
2720
2721
2722
2738
2739
2743
2752
2765
2766
2768
279
2800
2805
2806
281
2813
2818
2819
282
2820
2827
2828
2833
2843
2844
2857
2865
2882
2883
2886
2888
2889
2890
2892
2894
2899
2901
2908
2914
2922
2927
2928
2930
2935
2938
2951
296
2960
2964
298
2980
2995
301
3011
3012
3020
3024
3027
303
3031
3043
305
3055
3057
3058
307
3075
3076
309
3103
312
313
3133
3139
3147
3149
3151
3171
3184
3193
3195
320
3203
3212
3215
3217
3219
3222
3225
3227
3229
323
3247
3260
3265
3266
3268
3269
3271
3272
3274
330
3312
3314
3326
3340
3342
3355
3365
3367
3377
3405
3409
3420
3434
3435
3444
3446
3450
3451
3454
3455
3462
3466
3467
3472
3475
3492
3493
3496
3503
3508
3512
3513
3527
353
3530
3541
3546
3547
355
3559
3563
3566
3569
3572
3575
3584
3598
3606
3611
3613
3614
3639
3643
3644
3646
365
3651
366
3664
3665
3666
3667
3671
3685
3687
3688
3694
3701
3711
3713
3714
3752
3753
3754
3761
3763
3768
377
3773
378
3780
3781
3787
3792
38
3803
3817
3819
3830
3833
3841
3844
3853
3855
3866
3869
3899
3903
3904
3905
3906
3908
3910
3914
3922
3928
3936
3950
3952
3953
3959
3960
3974
3976
3983
3984
3989
4013
4016
4017
4020
4029
4042
4046
4048
4058
4063
4067
4096
4099
4111
4116
4124
4138
4142
4143
4148
415
4151
4153
4168
4178
4184
4190
4195
4196
4214
4219
4222
4224
4235
4238
4249
4255
4278
4292
4295
431
4320
4346
4347
4359
4363
4367
4368
4376
4386
4389
4415
4416
4422
4425
4428
4437
4442
4443
4454
4456
4464
4473
4484
4485
4486
4490
4493
4498
450
4500
451
4511
4512
4520
4524
4531
4535
4539
4540
4547
4549
4550
4561
4578
458
4584
4585
4586
4593
4596
4598
4600
4601
4606
4607
4608
4612
4647
465
4654
4655
4659
4663
4665
4672
4698
4699
4701
4716
4717
473
4734
4735
4736
4738
4748
4750
4751
4763
4769
4770
4771
4777
4782
4785
4791
4793
4801
4802
4805
4812
4827
4840
4848
485
4850
4853
4854
4856
4858
4861
4862
4868
4877
4879
4884
4896
4897
4899
4906
4911
4912
4913
4915
4916
4918
4921
4926
4928
4946
4947
4951
4957
496
4961
4965
4979
4981
4988
4992
4995
5001
5006
5008
5010
5011
5015
5019
5020
5032
5035
5037
504
5055
5056
5060
5061
5067
507
5070
5076
5078
5080
5082
5085
5088
5089
509
5094
5095
5097
5099
510
5101
5108
511
5129
5132
5139
5147
515
5164
5165
517
5174
5181
5182
5187
5190
5192
5193
5198
5201
5210
5213
5214
5218
5220
5222
5231
5238
5245
5250
5251
5252
5261
5264
5268
5271
5273
5275
5276
5282
5283
5284
5289
5290
5291
5294
5299
53
5305
5311
5314
5316
5321
5323
5324
5326
5330
5340
5341
5343
5344
5345
5348
5351
5364
5366
5370
5379
538
5380
54
5403
5411
5415
5423
5424
5425
5430
5433
5435
5436
5437
5440
5449
5453
5455
5465
5473
5476
5479
548
5481
5488
5489
5498
55
5506
5516
5527
5539
5540
5543
5548
5552
5555
5563
5568
5574
5577
5579
5581
5582
5583
5587
5589
5594
5596
5600
5628
564
5640
5643
5645
565
5656
5661
5663
5664
567
5673
5679
5680
5688
569
5693
5702
5710
5732
5744
5753
5766
5771
5776
5777
5792
5794
5797
5799
58
5803
5805
5808
5810
5822
5830
5838
5870
5874
5876
5879
5884
5892
5897
590
5916
5922
5932
5933
5939
595
5954
5974
598
5983
5986
6004
6005
6007
6032
6061
6074
608
6090
6101
6110
613
6145
6147
6150
6153
6155
617
6172
6174
6186
6189
619
6190
6193
6208
6228
6235
6253
6263
6265
6266
6275
6288
6292
6293
6294
63
6301
6302
6309
6310
6318
6326
6329
6332
6335
6337
635
6356
6359
6360
6364
6367
637
6373
6376
6377
6380
6388
639
6400
6402
6406
6408
6415
6419
642
6425
6439
644
6440
6443
6447
6448
645
6450
6451
6454
6455
6459
647
6475
6483
6485
650
6504
6505
6516
6518
652
6528
654
6544
6545
6546
6570
6574
6580
6586
6587
6595
660
661
6624
6627
6628
6634
6636
6637
6643
6644
6654
6656
6666
6667
6668
6670
6673
6675
6678
6687
6690
6699
670
6716
6719
6728
6734
6735
6741
6750
6751
6756
6759
6760
6778
6789
679
6793
6796
6802
6814
6816
6817
6823
6826
6827
6832
6833
6835
6837
6848
6852
6856
6861
6864
6874
6876
6888
6892
6893
6897
690
693
696
6966
698
6982
6986
6993
6996
70
7004
7005
7021
703
7039
7042
7045
7046
7053
7063
7064
707
7071
7072
7076
7082
7088
709
7090
7096
7114
7116
714
7150
7164
7170
7180
7192
7193
7209
7210
7217
7229
7235
7243
7246
7252
7259
726
7262
7264
7281
7285
7289
7292
7301
7304
7306
7316
732
7321
7322
7325
7326
7328
7333
7341
7355
7359
7368
7369
737
7370
7385
7394
7395
7411
7417
7420
7421
7441
7458
7465
7468
7470
7475
7478
748
7483
7484
7506
7511
7521
7525
7533
7536
7538
7540
7544
757
76
762
767
772
774
791
798
81
825
832
833
835
847
852
867
869
878
889
897
908
91
912
913
919
921
924
937
96
963
967
978
983
986
101
1011
102
1021
1027
1037
1042
1044
1051
1052
1056
1058
108
109
110
1106
1107
1108
1113
1119
112
1124
1125
1128
1129
1131
1138
1139
1144
1147
1149
1153
1154
1158
1160
1170
1175
1186
1187
119
120
121
1221
1224
1237
1238
1255
1276
1285
1286
1288
129
1292
1293
1301
1303
1306
1309
1326
1333
1337
1346
1347
1353
1359
1362
1371
1382
1387
1405
1412
1413
1419
1422
1433
1439
1450
146
1462
1464
1472
1478
1485
1491
1495
1498
1502
1511
1516
1520
1523
1524
1525
1546
1550
1552
156
1566
1572
1575
1577
1583
1591
1594
1609
1611
1614
1621
1625
1627
1628
163
1632
1634
1638
165
1654
1656
1665
1675
168
1693
1700
1713
1717
1720
1721
1723
1736
1737
1739
1741
1743
1746
1747
1748
1754
176
1771
1772
1776
1781
1782
1784
1787
1788
179
1791
1794
1797
1805
1817
1828
1835
1841
1844
1848
186
1862
1863
1868
1869
1882
1886
1888
1889
190
1903
1905
1908
1909
1913
1914
1916
1921
1924
1926
1927
1933
1934
1936
1940
1953
1957
1958
1970
1971
1973
1981
1996
2003
2016
2022
2026
2027
2028
2035
2040
2043
2045
2046
2047
2048
205
2051
2057
206
2061
2062
2064
2065
2068
2076
208
2081
2088
2106
2118
212
2120
2121
2131
2133
2134
2136
2138
2139
2147
2148
2150
2151
2154
2159
2162
2168
218
219
2192
2194
2195
2210
2216
2221
2223
2228
223
2231
2232
2241
2243
2254
2260
2266
2268
2269
227
2279
2286
2287
2290
2291
2298
23
2302
2309
2312
2314
2316
2317
2324
2325
2327
2331
2332
2342
2352
2357
2359
2360
2362
2365
2366
2370
2371
2372
2374
2377
2381
2382
2384
2387
2388
2390
2393
2394
2397
2398
240
2416
2420
2429
243
2431
2432
2435
2440
2458
2464
2469
2472
2473
2478
2479
2481
2482
2483
250
2501
2504
2514
2517
2520
2522
2527
2536
2537
2540
2544
2547
255
2553
2555
2559
2572
2575
2578
258
2591
2597
2598
2600
2604
2614
2615
2616
2617
2621
2622
2627
263
2642
2649
2650
2653
2655
2666
2680
2691
2699
2711
2712
2714
2717
2720
2721
2722
2738
2739
2743
2752
2765
2766
2768
279
2800
2805
2806
281
2813
2818
2819
282
2820
2827
2828
2833
2843
2844
2857
2865
2882
2883
2886
2888
2889
2890
2892
2894
2899
2901
2908
2914
2922
2927
2928
2930
2935
2938
2951
296
2960
2964
298
2980
2995
301
3011
3012
3020
3024
3027
303
3031
3043
305
3055
3057
3058
307
3075
3076
309
3103
312
313
3133
3139
3147
3149
3151
3171
3184
3193
3195
320
3203
3212
3215
3217
3219
3222
3225
3227
3229
323
3247
3260
3265
3266
3268
3269
3271
3272
3274
330
3312
3314
3326
3340
3342
3355
3365
3367
3377
3405
3409
3420
3434
3435
3444
3446
3450
3451
3454
3455
3462
3466
3467
3472
3475
3492
3493
3496
3503
3508
3512
3513
3527
353
3530
3541
3546
3547
355
3559
3563
3566
3569
3572
3575
3584
3598
3606
3611
3613
3614
3639
3643
3644
3646
365
3651
366
3664
3665
3666
3667
3671
3685
3687
3688
3694
3701
3711
3713
3714
3752
3753
3754
3761
3763
3768
377
3773
378
3780
3781
3787
3792
38
3803
3817
3819
3830
3833
3841
3844
3853
3855
3866
3869
3899
3903
3904
3905
3906
3908
3910
3914
3922
3928
3936
3950
3952
3953
3959
3960
3974
3976
3983
3984
3989
4013
4016
4017
4020
4029
4042
4046
4048
4058
4063
4067
4096
4099
4111
4116
4124
4138
4142
4143
4148
415
4151
4153
4168
4178
4184
4190
4195
4196
4214
4219
4222
4224
4235
4238
4249
4255
4278
4292
4295
431
4320
4346
4347
4359
4363
4367
4368
4376
4386
4389
4415
4416
4422
4425
4428
4437
4442
4443
4454
4456
4464
4473
4484
4485
4486
4490
4493
4498
450
4500
451
4511
4512
4520
4524
4531
4535
4539
4540
4547
4549
4550
4561
4578
458
4584
4585
4586
4593
4596
4598
4600
4601
4606
4607
4608
4612
4647
465
4654
4655
4659
4663
4665
4672
4698
4699
4701
4716
4717
473
4734
4735
4736
4738
4748
4750
4751
4763
4769
4770
4771
4777
4782
4785
4791
4793
4801
4802
4805
4812
4827
4840
4848
485
4850
4853
4854
4856
4858
4861
4862
4868
4877
4879
4884
4896
4897
4899
4906
4911
4912
4913
4915
4916
4918
4921
4926
4928
4946
4947
4951
4957
496
4961
4965
4979
4981
4988
4992
4995
5001
5006
5008
5010
5011
5015
5019
5020
5032
5035
5037
504
5055
5056
5060
5061
5067
507
5070
5076
5078
5080
5082
5085
5088
5089
509
5094
5095
5097
5099
510
5101
5108
511
5129
5132
5139
5147
515
5164
5165
517
5174
5181
5182
5187
5190
5192
5193
5198
5201
5210
5213
5214
5218
5220
5222
5231
5238
5245
5250
5251
5252
5261
5264
5268
5271
5273
5275
5276
5282
5283
5284
5289
5290
5291
5294
5299
53
5305
5311
5314
5316
5321
5323
5324
5326
5330
5340
5341
5343
5344
5345
5348
5351
5364
5366
5370
5379
538
5380
54
5403
5411
5415
5423
5424
5425
5430
5433
5435
5436
5437
5440
5449
5453
5455
5465
5473
5476
5479
548
5481
5488
5489
5498
55
5506
5516
5527
5539
5540
5543
5548
5552
5555
5563
5568
5574
5577
5579
5581
5582
5583
5587
5589
5594
5596
5600
5628
564
5640
5643
5645
565
5656
5661
5663
5664
567
5673
5679
5680
5688
569
5693
5702
5710
5732
5744
5753
5766
5771
5776
5777
5792
5794
5797
5799
58
5803
5805
5808
5810
5822
5830
5838
5870
5874
5876
5879
5884
5892
5897
590
5916
5922
5932
5933
5939
595
5954
5974
598
5983
5986
6004
6005
6007
6032
6061
6074
608
6090
6101
6110
613
6145
6147
6150
6153
6155
617
6172
6174
6186
6189
619
6190
6193
6208
6228
6235
6253
6263
6265
6266
6275
6288
6292
6293
6294
63
6301
6302
6309
6310
6318
6326
6329
6332
6335
6337
635
6356
6359
6360
6364
6367
637
6373
6376
6377
6380
6388
639
6400
6402
6406
6408
6415
6419
642
6425
6439
644
6440
6443
6447
6448
645
6450
6451
6454
6455
6459
647
6475
6483
6485
650
6504
6505
6516
6518
652
6528
654
6544
6545
6546
6570
6574
6580
6586
6587
6595
660
661
6624
6627
6628
6634
6636
6637
6643
6644
6654
6656
6666
6667
6668
6670
6673
6675
6678
6687
6690
6699
670
6716
6719
6728
6734
6735
6741
6750
6751
6756
6759
6760
6778
6789
679
6793
6796
6802
6814
6816
6817
6823
6826
6827
6832
6833
6835
6837
6848
6852
6856
6861
6864
6874
6876
6888
6892
6893
6897
690
693
696
6966
698
6982
6986
6993
6996
70
7004
7005
7021
703
7039
7042
7045
7046
7053
7063
7064
707
7071
7072
7076
7082
7088
709
7090
7096
7114
7116
714
7150
7164
7170
7180
7192
7193
7209
7210
7217
7229
7235
7243
7246
7252
7259
726
7262
7264
7281
7285
7289
7292
7301
7304
7306
7316
732
7321
7322
7325
7326
7328
7333
7341
7355
7359
7368
7369
737
7370
7385
7394
7395
7411
7417
7420
7421
7441
7458
7465
7468
7470
7475
7478
748
7483
7484
7506
7511
7521
7525
7533
7536
7538
7540
7544
757
76
762
767
772
774
791
798
81
825
832
833
835
847
852
867
869
878
889
897
908
91
912
913
919
921
924
937
96
963
967
978
983
986
