0.0075     47.2744444444     0.0199902743651     2 
100.02875     60.0827777778     0.0245934102714     19397 
100.0625     -72.4558333333     0.0123259032594     19400 
100.134166667     50.105     0.00760009034315     19409 
100.180833333     -58.5255555556     0.0245934102714     19413 
100.180833333     53.2422222222     0.0245934102714     19414 
100.194583333     -58.4705555556     0.00677358764825     19415 
100.21625     -32.4816666667     0.0151641738521     19417 
100.275     53.2816666667     0.00437339551083     19427 
100.325     53.7483333333     0.0089293275615     19430 
100.384583333     40.1697222222     0.013829890923     19439 
100.403333333     -50.9661111111     0.178163507815     19441 
100.02875     60.0827777778     0.0245934102714     19397 
100.0625     -72.4558333333     0.0123259032594     19400 
100.134166667     50.105     0.00760009034315     19409 
100.180833333     -58.5255555556     0.0245934102714     19413 
100.02875     60.0827777778     0.0245934102714     19397 
100.0625     -72.4558333333     0.0123259032594     19400 
100.134166667     50.105     0.00760009034315     19409 
