10007
10009
10010
10019
10029
10051
10055
10060
10065
10069
10091
10092
10096
101
10106
10108
1011
10117
10122
10125
10128
10132
10140
10156
10160
10172
10175
102
10201
10208
1021
10213
10215
10220
10227
10232
10266
10267
1027
10272
10285
10290
10302
10309
10310
10315
10322
10324
10329
10331
10338
10339
10351
1037
10381
10403
10407
10416
10417
1042
10420
10424
10429
1044
10457
10464
10489
10490
10496
10498
10503
10507
1051
10512
10516
10519
1052
10542
10548
10559
1056
10566
10574
10579
1058
10588
10606
10609
10629
10634
10647
10651
10654
10659
10670
10673
10682
10684
10686
10697
10713
10726
10729
10747
10761
10766
10770
10787
10789
10790
10794
108
10815
10832
10843
10850
10851
10854
10857
10861
10868
10874
10875
10886
10890
10891
109
10913
10923
10926
10927
10933
10941
10942
10943
10956
10959
10989
110
11000
11007
11012
11026
11027
1106
11067
11068
1107
11074
11075
11079
1108
11087
11099
11100
11102
11112
11114
11121
11123
1113
11136
11148
11150
11153
11154
11156
11162
11163
11170
11181
11188
1119
112
11202
11210
11230
11237
1124
11245
11246
11248
1125
11252
11255
11265
11279
1128
11282
1129
11290
11292
1131
11313
11321
11336
11338
11341
11363
11367
11375
1138
1139
11392
11397
11399
11404
11414
11420
11425
11437
1144
11453
1147
11484
1149
11503
11504
11508
11514
11523
11527
1153
11537
1154
11552
11566
11573
11578
1158
11581
11582
11598
1160
11617
11625
11634
11638
11639
11643
11648
11661
11670
11679
11686
11696
1170
11702
11711
11737
11751
11767
11771
11787
11789
11790
11793
11808
11813
11817
11846
11847
1186
11862
11863
11867
1187
11872
11878
11886
11893
119
11912
11919
11926
11954
11955
11966
11971
11982
11993
120
12000
12004
12005
12017
12038
12039
12052
12063
12070
12073
12074
12078
12081
12089
12090
12092
12097
12098
121
12107
12119
12132
12133
12141
12152
12157
12163
12171
12174
12175
12177
12185
12193
1221
12219
12220
1224
12253
12254
12257
12259
12262
12279
12281
12287
12292
12295
12326
12331
12332
12333
12338
12343
12350
12367
12369
1237
1238
12381
12384
12392
12396
12397
12400
12405
12413
12417
12418
12425
12426
12428
12429
12430
12434
12438
12446
12452
12456
12458
12466
12471
12478
12502
12514
12524
12531
12533
12538
12539
12548
1255
12558
12560
12561
12578
12580
12585
12597
12600
12614
12620
12622
12624
12626
12633
12655
12660
12682
12702
12705
12719
12733
12747
12750
12757
1276
12772
12775
12787
12796
12801
12803
12812
12816
12819
12820
12828
12830
12835
12845
1285
1286
1288
12893
129
12900
1292
12929
1293
12933
12937
12955
12964
12977
12988
13000
13001
13005
13009
1301
13015
1303
13039
1306
13069
13083
1309
13109
13113
13117
13119
13141
13160
13180
13204
13218
13219
13224
1326
13274
13279
13280
13289
13308
13315
1333
1337
13389
13394
13400
13406
13407
13410
13413
13421
13426
13435
13448
1346
1347
13474
13497
1353
13535
13536
13572
13574
13587
1359
13591
13600
1362
13620
13639
13646
13683
13702
13704
13707
1371
13723
13817
1382
13833
13859
1387
13879
13884
13903
13948
13969
14004
14008
14045
1405
14063
14068
14069
14072
14080
14091
14100
1412
1413
14148
14149
1419
14216
1422
14252
14288
1433
14382
1439
1450
14559
146
14619
1462
14621
14634
1464
14693
1472
14744
14751
14752
1478
14792
14834
14849
1485
14853
14858
14907
1491
14926
1495
1498
1502
15027
15031
15042
15054
15057
15089
1511
15134
1516
15179
15181
1520
1523
1524
1525
15259
15283
15319
15331
15332
15335
15340
15342
15368
15369
15387
15429
15447
1546
15480
15481
15491
1550
1552
15531
15556
15574
15592
156
15608
15638
15654
1566
15668
15673
15695
15697
15714
1572
1575
1577
15773
1583
15831
15836
15846
15867
15903
1591
15910
1594
15949
15965
15977
15982
15989
15998
16009
16017
16044
16049
16057
16059
16060
16065
16067
1609
16095
1611
16111
16134
1614
16144
16164
16185
16195
1621
16215
16232
16242
1625
1627
1628
16284
163
1632
16322
16333
1634
1638
16382
16386
16392
16420
16439
16448
16462
16464
16471
16490
165
16501
16529
1654
1656
16570
16571
16573
16589
16610
16613
16631
16639
16646
1665
16662
16666
16734
1675
168
16837
16852
16853
16861
16887
16889
16893
1693
16954
1700
17003
17013
17058
17059
17060
17095
17104
1713
17132
17147
17164
1720
17208
1721
1723
17232
17250
17259
17319
1736
1737
1739
1741
1743
1746
1747
1748
17535
1754
176
1771
1772
1781
1782
1784
1787
1788
179
1791
1794
1797
1805
18096
1817
1828
18327
1841
1844
1848
18558
186
18607
1862
1863
1868
1869
18705
18800
1882
1886
1888
1889
18893
190
19026
1903
1905
1908
1909
19095
1913
1914
1916
19198
1921
1924
19245
1926
1927
19306
1933
1934
1936
19360
19390
1940
19501
19526
1953
19562
19568
1957
1958
19627
19652
1970
1971
19725
19740
19743
19747
19759
19763
19781
1981
19820
19827
19841
19863
19871
19878
19914
1996
2003
20063
20154
2016
20176
20204
2022
2026
2027
2028
20302
20313
2035
20361
20366
2040
2043
2045
20458
2046
2047
2048
205
20509
2051
20516
20518
20545
20562
20567
2057
206
2061
2062
20620
2064
2065
2068
20685
2076
20774
208
2081
2088
20886
20889
20900
20938
20957
20988
21014
21016
21021
21035
2106
21073
21086
21094
21099
21100
21104
21109
21110
21116
21119
21120
21136
21144
21154
21168
2118
21187
212
2120
21200
21201
2121
21244
21258
21276
21280
21288
21291
21296
21300
21302
2131
21321
21324
21328
2133
21336
21337
2134
21341
21357
2136
21372
2138
21382
2139
21396
21399
21402
21414
21416
21419
21425
21431
21437
2147
21475
2148
21491
21494
21495
2150
21506
2151
21515
21517
2154
21542
21547
21552
21555
21558
21573
21578
21580
21581
21585
2159
21600
2162
21623
21624
21628
21654
21659
21665
21673
21676
2168
21684
21688
21710
21713
21733
21755
21774
21776
21782
21786
21789
218
21802
21819
21847
21849
21857
219
21900
21909
21918
21919
2192
21927
2194
21940
21942
21944
2195
21976
21978
21983
21990
22002
22008
22032
22042
22052
22063
22093
22096
2210
22110
22137
22140
22141
22143
22144
2216
22162
22176
22186
22188
22190
22205
2221
2223
22235
22246
22260
22266
22279
2228
22280
22289
22292
22297
223
22301
22305
2231
22314
22317
2232
22321
22322
22340
22343
22350
22359
22377
22378
22381
22383
22389
22391
22397
22400
22403
22404
22408
2241
22414
22417
22418
2243
22433
22445
22446
22447
22453
22457
22460
22468
22469
22476
22495
22501
22506
22510
22525
22528
22531
22539
2254
22541
22542
22549
22554
22555
22565
22575
22581
22585
22603
22609
22611
22615
22616
22618
22621
22634
22638
22641
22644
22645
22657
2266
22670
22674
22677
22678
2268
22680
22681
22688
2269
22693
22695
227
22707
22717
22724
22726
22733
22747
22749
22752
22753
22755
22756
22758
22762
22766
22767
22772
22778
22786
2279
22800
22802
22803
22805
22810
22816
22827
22830
22835
22838
22846
22855
2286
22860
22867
2287
22873
22877
22880
22881
22883
22894
22896
2290
22900
22909
2291
22913
22915
22921
22922
22941
22945
22950
22954
22955
22957
22962
2298
22990
23
23017
23018
2302
23022
23024
23026
23028
23040
23047
23057
23064
23069
23071
23078
23086
23089
2309
23093
23103
23110
23111
23117
2312
2314
23142
23146
23147
23152
2316
23169
2317
23170
23173
23184
23193
23204
23215
23225
23231
23232
23239
2324
23240
23245
2325
23256
23257
23259
23266
2327
23271
23279
23285
23289
23305
23309
2331
23313
23319
2332
23321
23325
23326
23329
23337
23338
23340
23341
23342
23347
23351
23352
23355
23358
23362
23367
23373
23377
23379
23380
23383
23385
23391
23395
23404
23407
23409
23410
23412
23415
2342
23420
23421
23441
23442
23443
23447
23448
23454
23465
23474
23477
23480
23483
23485
23495
23498
23499
23501
23504
23506
23507
23512
23513
23519
2352
23522
23523
23537
23539
23542
23546
23552
23559
23567
2357
23570
23589
2359
23598
23599
2360
23603
23616
2362
23630
23643
23646
2365
23650
2366
23660
23661
23662
23668
23676
23678
23684
23685
23687
23688
23691
23692
23695
2370
23700
23701
23705
23709
2371
23711
23714
2372
23725
2374
23741
23746
23748
23749
23752
23755
23762
23769
2377
23771
23774
23798
2381
23816
2382
23823
23834
2384
23843
23845
23850
23852
23855
23860
2387
23878
2388
23880
23881
23885
23894
2390
23900
23908
23910
23913
23917
23918
23929
2393
23935
23936
23937
2394
23940
23941
23945
23955
2397
23973
23976
23978
2398
23993
23996
23998
240
24038
24071
24082
24100
24108
24111
24114
24127
24129
24140
24152
24156
2416
24166
2420
24230
24233
24235
24242
24244
24253
24269
24286
24288
2429
24299
243
24309
2431
2432
2435
24351
24372
24381
24395
2440
24400
24403
24425
24428
24431
24438
24442
24453
24457
24464
24467
24469
24470
24475
24476
24485
24486
24490
24492
24493
24499
24506
24509
24510
24517
24520
24528
24530
24531
24532
24540
24548
24566
24567
24573
24575
2458
24594
24595
24596
24597
24601
24621
24629
24631
24632
2464
24640
24641
24643
24654
24655
24656
24665
24669
24673
24674
24678
24680
2469
24698
24699
24707
24710
2472
24721
24725
24726
2473
24736
24737
24743
24745
24748
24759
24762
24771
2478
24784
24788
2479
24790
24791
24792
24796
2481
2482
24829
2483
24830
24833
24839
24862
24864
24865
24881
24882
24884
24887
24889
24891
24893
24895
24902
24907
24908
24909
24926
24930
24944
24948
24960
24961
24963
24974
24980
24981
24982
24996
24997
24999
250
2501
25021
25024
25035
2504
25065
25071
25081
25085
25086
25113
25128
25130
25134
2514
25142
25143
25144
25145
25147
25154
25161
25164
2517
25172
25175
25181
25194
2520
25205
25210
2522
25220
25224
25225
25226
25228
25232
25235
25237
25248
25251
25258
25259
25269
2527
25273
25281
25282
25283
25287
25289
25290
25292
25301
25305
25308
25309
25311
25318
25328
25331
25332
25339
25341
25352
2536
25360
25369
2537
25374
25376
25383
25384
25399
2540
25406
25423
25437
2544
25441
25446
25450
25453
25454
25467
2547
25472
25473
25476
25480
25489
25496
25497
25498
255
25508
25510
25512
25521
25523
25524
25525
2553
25533
25545
25547
2555
25556
25561
25562
25571
2559
25596
25600
25603
25609
25640
25644
25646
25673
25679
25683
25698
25717
25718
25719
2572
25735
2575
25757
2578
25780
25781
25783
258
25806
25821
25836
25845
25858
25861
25870
25874
25875
25892
25893
25895
25902
2591
25910
25911
25915
25917
25923
25940
25946
25954
25955
25956
25969
2597
25972
25973
25976
25977
2598
25984
25985
25986
2600
26000
26002
26004
26005
26008
26009
26011
26012
26013
26034
26037
2604
26043
26048
26055
26058
26068
26076
26082
26083
26086
26089
26100
26101
26104
26108
26127
26131
2614
26142
26143
2615
26150
2616
2617
26173
26177
26178
26180
26181
26183
26188
26189
26196
26197
26202
26209
2621
26215
26218
2622
26220
26224
26225
26226
26232
26234
26238
26246
26252
26258
2627
26274
26282
26283
26294
263
26300
26302
26304
26310
26329
26338
26340
26345
26346
26357
26363
26366
26368
26371
26376
26377
26382
26385
26390
26392
26397
26398
26403
26407
26409
26410
26412
2642
26425
26431
26443
26445
26469
26471
26482
2649
26495
26498
2650
26504
26512
26517
26520
26528
2653
26531
26538
26540
26541
26542
26543
2655
26556
26560
26563
26571
26575
26576
26580
26589
26607
26631
26643
26648
26649
2666
26663
26666
26668
26669
26685
26690
26711
26714
26727
26733
26738
26739
26740
26741
26750
26752
26753
26757
26759
26762
26766
26781
26785
26787
2680
26803
26817
26822
26826
26831
26833
26842
26844
26854
26856
26869
26871
26873
26883
26899
26903
26904
26909
2691
26932
26939
26950
26959
26966
26970
26974
26979
26982
2699
26990
27000
27016
27020
27023
27029
27041
27049
27059
27064
27074
27077
27091
27108
2711
27111
27114
2712
27121
27127
2714
27159
27166
27167
27169
2717
27182
27183
27185
27190
2720
27207
27216
27219
2722
27223
27232
27244
27248
27254
27261
27266
27282
27352
27358
27361
27362
27367
27371
27379
2738
27383
27385
2739
27398
27400
27404
27408
27416
27422
27423
2743
27437
27448
27451
27455
27472
27477
27482
27518
2752
27521
27527
27533
27535
27546
27547
27549
27558
27600
27620
27630
27635
27641
27645
2765
2766
27662
27663
27665
27666
27668
2768
27681
27702
27709
27716
27734
27753
27765
27777
27780
27784
27785
27791
27796
27800
27803
27813
27826
27827
27830
27843
27859
27860
27867
27875
27893
279
27925
27926
27935
27936
27944
27946
27954
27959
27968
27981
27987
27993
27996
27997
27998
2800
28010
28018
28026
28032
28033
28045
2805
28054
2806
28068
28069
28079
28080
28081
28087
28099
281
28101
28111
28120
28126
28128
2813
28136
28148
28153
28166
2818
28182
28186
2819
28196
28197
282
2820
28220
28225
28240
28248
28251
28258
28259
28269
2827
28270
28272
28274
2828
28289
28296
28305
28309
28317
28324
2833
28341
28351
28353
28357
28366
28368
28370
28383
28390
28401
28408
28414
28420
28424
2843
2844
28463
28470
28485
28486
28489
28494
28498
28517
28520
28531
28542
28551
28557
28563
2857
28590
28602
28611
28617
28623
28627
28630
28631
28641
28645
2865
28655
28662
28672
28674
28680
28698
28699
28700
28707
28708
28714
28719
28729
28736
28741
28743
28745
28753
28757
28758
28764
28770
28788
28795
28805
28809
28815
28817
28818
2882
28821
28825
28828
2883
28830
28833
28846
28852
28856
28858
2886
28868
2888
28888
2889
28900
28910
28913
2892
28928
28939
2894
28945
28947
28964
28974
28984
2899
28990
29009
2901
29024
29028
29030
29032
29034
29036
29043
29050
29057
29061
29067
2908
29085
29106
29126
29127
2914
29142
29146
29147
29174
29177
29186
29188
29190
29196
29198
29206
29209
29212
29213
2922
29220
29222
29229
29237
29247
29249
29253
29258
29261
29266
2927
29277
2928
29291
29295
29296
2930
29338
29340
29347
2935
29365
29372
29376
2938
29387
29388
29389
29408
29413
29415
29427
29428
29460
29465
29468
29469
29472
29475
29478
29482
29484
29488
29496
29499
2951
29526
29536
29539
29549
29550
29567
29576
29584
29589
29595
296
2960
29603
29615
29631
29632
2964
29657
29664
29665
29671
29677
29683
29696
29697
29698
29702
29706
29708
29714
29715
29720
29730
29746
29747
29796
29798
298
2980
29800
29805
29807
29813
29814
29820
29822
29824
29825
29835
29837
29846
29851
29855
29865
29889
29899
29919
29924
29928
29934
29943
2995
29953
29956
29983
29995
29997
30001
30005
30010
30014
30018
30027
30031
30036
30044
30049
30059
30068
30075
30078
30083
30084
30086
30087
30094
30099
301
3011
3012
30120
30136
30147
30153
30176
30179
30182
30183
30187
30188
30197
3020
30206
30214
30217
30236
3024
30240
30242
30247
30254
30263
30267
3027
30283
30288
303
30305
30310
30312
30322
30328
30334
30358
30363
30364
30371
30372
30382
30386
30390
30413
30419
3043
30430
30440
30444
30445
30448
30449
30459
30462
30463
30468
30473
30475
30493
30496
305
30508
30513
30526
30531
30535
30536
3055
30553
30560
30562
30569
3057
30579
3058
30584
30597
30600
30604
30610
30630
30655
30659
30669
30670
30676
30680
30684
30686
30694
307
30701
30714
30715
30732
30744
3075
3076
30763
30776
30813
30818
30828
30829
30831
30832
30840
30842
30852
30856
30871
30892
30895
30898
309
30928
30935
30971
30978
30995
3103
31032
31037
31040
31042
31059
31063
31067
31075
31081
31122
31125
31136
31141
31145
31166
31192
31198
312
31235
31241
31269
31275
31285
313
31302
31304
31307
31311
3133
31331
31336
31379
31388
3139
31395
31427
31428
31429
31433
31442
31446
31457
31458
3147
31472
31474
31477
3149
31497
31503
31508
3151
31528
31539
31545
31559
31567
31572
31594
31601
31604
31607
31608
31621
31630
31634
31650
31671
31673
31689
31691
31693
31697
31708
3171
31713
31720
31727
31729
31733
31758
31762
31768
31771
31782
31789
31801
3184
31858
31863
31864
31865
31883
31887
31888
31892
31908
31917
31923
3193
31945
31949
3195
31959
31965
31968
31971
31980
31982
31988
31993
31996
31998
320
32004
32007
32025
3203
32032
32033
32041
32048
32058
32069
32071
32072
32078
32084
32085
32087
32088
32089
32103
32119
3212
32121
3215
32153
3217
32178
32182
32183
32186
3219
32192
32196
32204
32206
32207
3222
32221
32226
32231
32235
32244
32248
32249
3225
32251
32256
32264
32266
3227
32273
32278
32287
3229
32292
32293
323
32306
32307
32321
32325
32330
32342
32346
32347
32351
32356
32364
32367
32371
32375
32376
32383
32384
32385
32395
32396
32398
32410
32424
32429
32434
32437
32439
32447
32449
32463
3247
32471
32472
32474
32484
32486
32495
32496
32498
32508
32512
32515
32517
32529
32533
32535
32540
32543
32549
32552
32557
32559
32564
32567
32568
32570
32579
32584
32588
32589
32595
3260
32605
32611
32613
32614
32616
32626
32637
32638
32643
32644
32645
32648
3265
3266
32661
32670
32671
32679
3268
32685
3269
32693
32694
32697
32700
32708
32709
3271
32714
3272
32726
32734
32738
3274
32740
32743
32747
32754
32765
32770
32772
32774
32778
32786
32787
32799
32800
32831
32850
32854
32863
32867
32870
32871
32872
32876
32899
32903
32926
32937
32940
32975
32976
32978
32987
32989
32991
32992
32995
330
33004
33012
33033
33040
33041
33044
33045
33058
33065
33069
33078
33081
33083
33090
33091
33101
33104
33105
33114
3312
33120
33128
3314
33140
33144
33147
33150
33153
33158
33160
33161
33166
33175
33188
33191
33198
33203
33207
33214
33220
33234
33238
33240
33242
33244
33248
33249
3326
33269
33278
33303
33312
33330
33333
33339
33343
33362
33364
33371
33375
33379
33381
33386
33387
33388
33390
33394
33396
33398
3340
33401
33404
33408
33418
3342
33421
33423
33430
33432
33436
33446
33454
33455
33459
33461
33465
33467
33468
33469
33470
33477
33479
33495
33498
33510
33525
33532
33546
3355
33550
33558
33562
33566
33567
33569
33573
33578
33584
33600
33604
33608
33620
33622
33625
33628
33633
33635
33640
33642
33643
33645
33648
3365
33660
33662
33669
3367
33670
33675
33680
33689
33704
33712
33716
33719
33749
33750
33760
33766
3377
33782
33786
33792
33794
33799
33803
33806
33812
33816
33817
33835
33836
33844
33850
33855
33862
33863
33866
33868
33869
33875
33876
33896
33901
33911
33914
33922
33925
33929
33930
33931
33938
33940
33942
33943
33951
33959
33964
33966
33968
33977
33982
33988
33991
33992
33998
34004
34008
34009
34013
34015
34018
34019
34021
34026
34029
34030
34039
3405
34062
34068
34075
3409
34090
34107
34121
34124
34125
34132
34138
34140
34156
34157
34159
34170
34176
34189
34192
34195
34198
34199
3420
34203
34220
34222
34225
34232
34237
34248
34254
34257
34268
34276
34278
34280
34284
34298
34303
34306
34308
34312
34313
34325
34326
34333
3434
3435
34353
34359
34369
34371
34374
34375
34376
34380
34385
34387
34393
34399
34400
34415
34426
34433
3444
34440
3446
34461
34468
34476
34478
34481
34485
34486
3450
34502
34508
34511
34521
34527
34530
3454
34546
3455
34552
34557
34558
34560
34561
34566
34568
34575
34578
34582
34583
34588
34591
34598
34612
34613
3462
34623
34630
34641
34642
34649
34656
34658
3466
34663
34666
3467
34670
34674
34675
34677
34681
34683
34684
34685
34689
34692
34695
34696
34697
34698
34699
34702
34709
34711
34712
34717
34719
3472
34730
34733
34735
34741
34742
3475
34762
34763
34767
34772
34777
34778
34788
34797
34801
34806
34807
34814
34833
34837
34842
34843
34845
34852
34864
34870
34882
34889
34899
34901
34905
34907
34911
34913
3492
34925
34929
3493
34931
34933
34935
34936
34946
34948
34949
34956
3496
34967
34969
34971
34980
34982
34995
34996
35001
35002
35003
35005
35013
35014
35015
35016
35017
35018
35019
3503
35030
35037
35041
35042
35043
35044
35061
35064
35067
3508
35080
35088
35096
35102
35105
35113
3512
35123
35124
35126
3513
35137
35158
35164
35168
35170
35174
35177
35181
35183
35193
35202
35203
35206
35213
35219
35224
35225
35227
35230
35234
35236
35247
35249
35252
35254
35259
35268
3527
35272
35273
35276
35281
35294
35295
353
3530
35300
35302
35306
35307
35314
35320
35321
35326
35328
35332
35335
35347
35355
35360
35362
35364
35376
35377
35379
35380
35382
35390
35403
35405
3541
35419
35420
35437
35440
35442
35447
35448
35450
35451
35458
3546
35464
35465
35467
3547
35486
35499
355
35507
35517
35521
35538
35544
35545
35558
35563
35569
35578
35579
35581
35588
3559
35594
35601
35607
35608
35609
35615
35616
35618
35621
35622
35623
35626
35627
35629
3563
35630
35634
35639
35642
3566
35669
35675
35676
35678
35679
35682
35687
3569
35690
35694
35698
35701
35705
35707
35710
35711
3572
35729
35732
35736
35742
35747
3575
35754
35772
35779
35780
35781
35792
35797
35803
35813
35819
35838
35839
3584
35841
35856
35859
35869
35877
35878
35881
35882
35885
35886
35896
35900
35901
35905
35908
35909
35910
35913
35914
35920
35925
35931
35932
35942
35948
35952
35955
35956
35964
35966
35968
35977
35979
3598
35991
35997
35999
36005
36006
36008
36012
36016
36017
36025
36029
36031
36037
36043
36044
3606
36060
36061
36063
36068
36073
36093
36102
36104
3611
36118
36126
3613
36138
3614
36141
36145
36146
36147
36148
36149
36158
36160
36162
36166
36174
36176
36177
36182
36187
36188
36190
36192
36193
36194
36195
36197
36199
36200
36205
36208
36211
36215
36224
36227
36228
36231
36238
36241
36242
36243
36256
36257
36263
36265
36266
36288
36289
36292
36294
36295
36297
36299
36300
36305
36314
36319
36325
36329
36330
36342
36343
36344
36348
36355
36358
36368
36370
36372
36380
36381
36382
3639
36392
36398
36401
36402
36406
36419
3643
36431
36432
36436
36437
3644
36441
36443
36444
36446
36447
36450
36455
3646
36466
36471
36477
36478
36486
36487
36489
36493
36495
365
36500
36506
3651
36519
36528
36530
36544
36548
36555
36565
36568
36577
36580
36582
36589
36594
36597
366
36604
36605
36606
36607
36608
36609
36611
36614
36617
36618
36622
36625
36634
36639
3664
36642
36649
3665
36655
36658
36659
3666
36660
3667
36670
36672
36678
36683
36684
36686
36688
36699
36703
36706
36707
3671
36713
36720
36726
36727
36740
36743
36750
36756
36759
36774
36776
36779
36786
36789
36795
36800
36812
36824
36825
36832
3685
36867
3687
36871
36875
3688
36887
36889
36893
36896
36897
36902
36903
36907
36914
36921
36923
36928
36930
36932
3694
36941
36944
36950
36951
36962
36966
36971
36973
36979
36988
36996
36998
37002
3701
37010
37016
37019
37022
37023
37024
37029
37032
37036
37037
37038
37042
37049
37050
37052
37056
37069
37070
37073
37091
37093
37097
37100
37103
37104
3711
37125
3713
37132
3714
37143
37147
37153
37156
37160
37164
37170
37193
37202
37206
37213
37214
37217
37219
37222
37224
37229
37235
37236
37237
37244
37258
37264
37291
37306
37308
37321
37324
37336
37339
37345
37352
37358
37367
37374
37375
37380
37383
37386
37390
37400
37407
37409
37413
37418
37419
37429
37434
37438
37444
37449
37463
37466
37474
37480
37483
37488
37497
37501
37502
37504
37506
37507
37511
37514
3752
37520
37525
3753
37532
3754
37542
37544
37548
37553
37556
37559
37584
37591
37598
37599
37609
3761
37613
37614
37616
37617
37619
37624
37628
37629
3763
37632
37642
37643
37654
37655
37661
37665
37666
37678
3768
37682
37686
37689
37691
37692
37693
37695
37697
37699
377
37700
37704
37708
37710
37721
37722
3773
37731
37737
37738
37740
37744
37745
37757
37760
37761
37769
37775
37779
37786
37791
378
3780
37809
3781
37810
37816
37831
37838
37839
37845
37860
37861
3787
37889
37905
37912
37927
37928
37930
37931
37933
37935
37943
37949
37951
37954
37968
37971
37993
37999
38
38009
38012
38014
38018
38024
38025
3803
38042
38050
38054
38068
38071
38082
38093
38100
38112
38115
38122
38124
38125
38128
38129
38138
38142
38143
38148
38149
38150
38154
38161
38163
38164
38167
38168
3817
38173
38188
3819
38201
38212
38216
38218
38221
38227
38237
38238
38240
38242
38244
38250
38268
38272
38283
38285
38288
38297
3830
38302
38304
38325
38326
38327
3833
38338
38343
38356
38359
38361
38365
38370
38373
38378
38392
38402
38407
3841
38410
38423
3844
38440
38441
38454
38456
38458
38461
38476
38481
38482
38492
38497
38503
38504
38508
38512
38524
38527
3853
38531
38535
38542
3855
38552
38553
38555
38565
38567
38572
38585
38598
38603
38605
38613
38615
38618
38622
38624
38627
38634
38637
38643
38645
38651
38657
3866
38680
38682
38684
38687
38688
3869
38690
38692
38693
38694
38706
38709
38720
38721
38726
38739
38740
38741
38742
38746
38747
38748
38749
38750
38755
38761
38773
38778
38783
38788
38794
38795
38802
38803
38809
38811
38815
38822
38823
38824
38832
38834
38837
38851
38852
38856
38858
38862
38872
38882
38885
38887
38888
38890
38892
38897
38899
38903
38905
38906
38908
38912
38916
38919
38921
38922
38935
38943
38945
38946
38948
38950
38951
38961
38964
38977
38984
38988
3899
38990
38995
39002
39009
39014
39018
39023
39025
3903
39034
3904
39040
3905
39050
39053
39058
3906
39067
39068
39073
3908
39082
39098
39099
3910
39107
39113
39114
39124
39131
39138
3914
39142
39143
39145
39150
39152
39156
39158
39159
39176
39179
39181
39183
39184
39188
39194
39200
39206
39211
39214
39215
3922
39222
39223
39224
39225
39230
39232
39233
39237
39241
39245
39246
39251
39252
39255
39261
39266
39275
3928
39280
39281
39285
39289
39308
39312
39314
39316
39328
39329
39335
39341
39342
39343
39344
39346
39348
39353
39354
3936
39362
39366
39380
39381
39384
39389
39390
39392
39393
39397
39398
39400
39412
39418
39422
39423
39431
39432
39437
39440
39448
39458
39461
39462
39466
39472
39474
39479
39480
39483
39487
39492
39493
39495
3950
39502
39503
39504
39506
39511
39513
39519
3952
39525
3953
39562
39568
39578
39584
39587
3959
39592
3960
39600
39601
39613
39615
39624
39632
39635
39641
39651
39655
39656
39657
39658
39659
39663
39664
39673
39680
39683
39687
39690
39695
39697
39702
39710
39712
39714
39718
39724
39728
39731
39734
39738
3974
39753
39759
3976
39764
39765
39775
39785
39794
39799
39800
39801
39813
39819
3983
39831
39832
3984
39840
39845
39846
39859
39864
39878
39886
3989
39892
39902
39904
39907
39918
39919
39922
39925
39929
39942
39943
39947
39950
39951
39953
39964
39965
39968
39972
39974
40002
40004
40005
40011
40014
40026
40030
40031
40032
40033
40034
40038
40040
40051
40062
40069
40082
40086
40087
40095
40097
40100
40105
40107
40111
40119
40122
40128
4013
40133
40136
40147
40149
4016
40169
4017
40171
40179
40183
40186
40187
40192
4020
40201
40202
40205
40209
40214
40217
40218
40220
40228
40229
40231
40240
40245
40249
40250
40251
40252
40264
40273
40278
40280
40284
4029
40295
40296
40303
40306
40309
40313
40317
40321
40329
40330
40337
40342
40347
40349
40350
40363
40372
40374
40375
40396
40406
40408
40409
40411
4042
40434
40439
40442
40449
40455
40458
4046
40469
40475
40477
4048
40484
40485
40488
40490
40494
40495
40500
40501
40505
40507
40515
40516
40517
40530
40531
40537
40556
40561
40562
40563
40564
40566
40579
4058
40581
40596
40598
40600
40604
40607
40612
40614
40622
4063
40636
40638
40643
40644
40645
40652
40658
40660
40665
40668
4067
40670
40673
40688
40692
40694
40697
40705
40706
40707
40713
40715
40723
40727
40743
40745
40754
40756
40761
40762
40764
40766
40767
40771
40772
40775
40779
40783
40785
40786
40790
40791
40797
40800
40801
40807
40809
40811
40816
40820
40831
40836
40839
40850
40851
40852
40861
40875
40876
40886
40898
40900
40903
40904
40918
40927
40933
40950
40951
40954
4096
40960
40962
40964
40973
40979
40985
40987
40988
4099
40993
41007
41013
41017
41020
41024
41036
41050
41054
41060
41061
41063
41066
41069
41072
41088
41090
41095
41101
41104
41109
4111
41111
41119
41125
41136
41148
41152
41153
41155
4116
41160
41164
41166
41170
41177
41178
41189
41195
41207
41217
41220
41225
41228
41239
4124
41241
41244
41255
41258
41260
41263
41269
41272
41297
41302
41307
41320
41327
41333
41339
41350
41363
41365
41376
4138
41383
41395
41404
41407
41409
41410
4142
4143
41432
41435
41438
41440
41441
41451
41457
41459
41466
41468
41469
41471
41472
41473
4148
41489
41494
41495
415
41504
41505
4151
41517
41522
41529
4153
41531
41536
41538
41546
41552
41558
41567
41570
41572
41573
41576
41578
41579
41586
41599
41601
41606
41608
41614
41618
41619
41620
41621
41631
41634
41636
41639
41646
41647
41652
41661
41667
41670
4168
41683
41698
41719
41723
41728
41729
41739
41746
41758
41763
41766
41769
41772
41774
41779
4178
41781
41788
41789
41803
41806
41808
41811
41812
41816
41823
41827
41829
41830
41838
41839
4184
41847
41850
41861
41865
41869
41876
41882
41895
4190
41902
41911
41924
41934
41936
41939
41943
4195
41955
4196
41963
41968
41970
41994
41998
42020
42021
42038
42045
42051
42060
42064
42068
42069
42074
42079
42080
42083
42089
42096
42097
42098
42100
42102
42108
42109
4214
42149
42152
42153
42160
42168
42169
42174
4219
42195
42199
42202
42215
42218
4222
42223
42230
4224
42241
42255
42264
42277
42283
42305
42306
42307
42311
42317
42319
42336
42340
42342
42348
4235
42353
42362
42370
42375
42378
4238
42389
42393
42401
42406
42407
42408
42419
42422
42427
42428
42429
42430
42447
42453
42469
42471
42476
42489
4249
42495
42499
42503
42512
42515
42516
42520
42521
42529
42530
42538
42542
42543
42544
42545
4255
42550
42559
42564
42574
42575
42584
42594
42597
42598
42607
42608
42614
42618
42619
42620
42628
42637
42642
42643
42647
42654
42656
42661
42666
42677
42681
42688
42689
42692
42699
42704
42707
42708
42709
42710
42717
42725
42727
42728
42730
42732
42734
42740
42741
42744
42747
42753
42766
42768
42769
42777
4278
42782
42790
42791
42797
42799
42816
42831
42832
42833
42836
42847
42857
42863
42868
42869
42874
42881
42887
42898
42901
42904
42909
42910
42913
42917
42919
4292
42921
42938
42942
42944
42947
42949
4295
42950
42954
42963
42964
42969
42970
42975
42987
42991
42998
42999
43001
43017
43020
43025
43030
43036
43038
43050
43052
43056
43062
43064
43065
43071
43072
43074
43081
431
43100
43106
43111
43128
43129
43136
43142
43143
43146
43147
43149
43150
43153
43173
43185
43186
43189
43198
4320
43202
43236
43238
43241
43254
43255
43276
43281
43283
43289
43303
43319
43321
43330
43331
43338
43341
43342
43345
43350
43359
43368
43375
43381
43386
43387
43397
43399
43400
43413
43420
43450
43451
43452
4346
4347
43470
43495
43504
43509
43516
43517
43525
43533
43538
43554
43586
4359
43601
43607
4363
43634
43654
43656
4367
43671
4368
43707
43728
43733
43739
43750
43759
4376
43784
43798
43817
43837
43848
4386
43863
43869
43885
4389
43894
43895
43931
43939
43944
43951
43961
43969
43981
43998
44001
44008
44014
44017
44025
44032
44066
44086
44102
44121
44125
44144
4415
4416
44169
44170
44176
44178
44182
44193
4422
44225
44240
4425
44254
44263
44268
4428
44282
44298
44323
44324
44329
44341
44354
44362
4437
44370
44388
44392
44393
44405
44416
44419
4442
4443
44432
44462
44467
44481
44486
44495
44507
44515
44533
44536
44537
4454
44544
44553
44557
4456
44563
44567
44578
44581
44587
44594
44600
44603
44621
44628
44631
44636
4464
44641
44660
44664
44682
44685
44697
44698
44705
44707
44714
44715
44719
44722
4473
44731
44732
44733
44736
44737
44760
44768
44771
44782
44789
44795
44797
44799
44804
44805
44806
44807
44808
44815
44819
44838
4484
44846
44848
44849
4485
44858
4486
44883
44885
44899
4490
44913
44920
4493
44938
44945
44961
4498
44986
450
4500
45003
45022
45023
45027
45032
45039
45044
45053
45071
45077
45079
45082
45085
45092
45093
451
4511
4512
45137
45140
45195
45196
4520
45212
45233
4524
45253
45260
45261
45264
45277
45278
45309
4531
45314
45315
45328
45336
45337
45339
4535
45358
45362
45370
45372
45386
45388
4539
4540
45406
45410
45435
45442
45457
4547
45476
45478
45480
45481
45487
4549
45491
45494
4550
45502
45506
45509
45521
45522
45524
45528
45538
45549
45552
45560
45561
45567
45572
45580
45583
45598
45605
4561
45629
45632
45644
45655
45658
45668
45684
45700
45705
45710
45721
45728
45742
45749
45756
45757
45779
4578
45782
45787
45794
45795
45807
45821
45822
45833
45834
45836
4584
45840
45848
45849
4585
45858
4586
45875
45883
45884
45887
45897
45905
45915
45920
45921
45927
4593
45931
45936
45938
45939
45947
45948
45959
4596
4598
45983
45992
45993
4600
46009
4601
46028
46039
46041
46046
4606
46065
46069
4607
46076
4608
46089
46095
4612
46127
46131
46133
46145
46152
46153
46164
46171
46186
46187
46206
46218
46241
46254
46263
46276
46278
46283
46319
46321
46336
46355
46372
46378
46386
46400
46427
46462
4647
46472
46477
46489
46491
46493
46498
465
46505
46506
46508
46515
46525
46529
46530
46534
4654
46541
46545
46548
4655
46552
46555
46560
46561
46563
46574
46589
4659
46601
46629
4663
46633
46636
46644
46647
4665
46657
46666
46671
46716
46717
4672
46726
46731
46734
46739
46744
46752
46753
46767
46782
46804
46816
46819
46827
46836
46844
46849
46851
46865
46868
46882
46906
46919
46952
4698
46988
46989
4699
47000
4701
47011
47027
47058
47067
47093
47096
47101
47124
47131
4716
47162
4717
47180
47189
47231
47234
47238
47257
47284
473
47305
47318
47324
47330
47339
4734
47346
4735
47352
47354
4736
47368
47371
4738
47393
47404
47413
47415
47422
47425
47432
47438
47447
47461
47462
4748
47482
47495
4750
47506
4751
47512
47540
47564
47566
47579
47585
47589
47598
47603
47611
47612
4763
47634
47637
47638
47654
47658
47675
47678
47680
47686
4769
47690
4770
47707
47709
4771
47731
47737
47750
47759
4777
47777
47780
47784
47788
47793
47794
47808
47809
47812
4782
47837
47842
4785
47853
47854
47869
47873
47889
47896
47900
47904
47906
4791
47915
47917
47929
4793
47932
47938
47939
47943
47947
47951
47953
47961
47971
47985
47990
47996
47997
48003
4801
48011
4802
48023
48032
48044
48047
4805
48053
48059
48064
48069
48072
48073
48074
48080
48088
48101
48105
48119
4812
48122
48127
48128
48130
48134
48142
48174
48183
48184
48185
48189
48197
48202
48207
48217
48226
48244
48246
48251
48254
48259
4827
48270
48272
48273
48277
48280
48285
48286
48291
48294
48330
48332
48333
48338
48341
48358
48365
48366
48388
48392
4840
48421
48446
48450
48453
48458
48468
48473
48478
48479
4848
48482
485
4850
48504
48512
48521
48525
48527
4853
48534
4854
48542
48558
48559
4856
48563
4858
48597
4861
48614
4862
48675
4868
48688
48690
48700
48711
48724
48749
48754
48756
48766
48767
4877
48783
4879
48799
48801
48806
48807
48815
48816
48823
48831
48832
4884
48841
48846
48849
48850
48854
48860
48862
48863
48864
48869
48871
48884
48897
48917
48920
48925
48930
48947
48951
48959
4896
48960
4897
48982
48989
4899
49005
49011
49024
49030
49044
4906
49062
49067
49069
49073
49078
49092
49112
49114
4912
4913
49137
49139
49141
49145
49146
4915
49157
49158
49159
4916
49165
49166
49171
49174
4918
49192
49197
49204
49209
4921
49215
49226
49227
49234
49236
49237
49244
49248
49250
49258
4926
49264
49275
4928
49281
49285
49287
49289
49299
49301
49303
49306
49308
49309
49310
49320
49322
49333
49335
49336
49337
49342
49343
49347
49353
49354
49356
49359
49362
49364
49366
49370
49373
49388
49389
49391
49401
49408
49411
49412
49413
49415
49422
49428
49434
49448
49451
4946
49464
49468
4947
49480
49489
49497
49505
49508
4951
49512
49513
49514
49515
49519
49521
49533
49538
49540
49542
49547
49548
49553
49555
49563
49569
4957
49579
49597
49598
496
49604
49605
49607
49608
4961
49618
49631
49634
49635
4965
49657
49663
49677
49683
49692
49693
49694
49704
49711
49712
49719
49724
49741
49747
49748
49752
49758
49762
49769
4979
49791
49797
49799
49806
4981
49810
49814
49817
49818
49820
49838
49841
49847
49856
49869
49874
49879
4988
49881
49882
49889
49893
49894
49913
49915
4992
49925
4995
49950
49952
49956
49960
49976
49991
49993
49995
49997
50006
50010
50012
50014
50017
50021
50024
50028
50030
50031
50035
50042
50045
5006
50060
50069
50071
50077
5008
50080
50087
50090
50092
50097
50104
5011
50116
50117
50120
50123
50126
50134
50139
50140
50142
50144
5015
50155
50159
50167
50169
50177
50180
50189
5019
50190
50191
50192
50194
50198
5020
50200
50202
50203
50204
50207
50210
50211
50213
50215
50216
50218
50220
50222
50231
50251
50256
50262
50287
50289
50299
50305
50306
50312
50317
50318
5032
50331
50334
50338
5035
50351
50355
50369
5037
50372
50374
50383
50391
504
50436
50437
50455
50457
50459
50464
50472
50476
50479
50485
50509
50544
5055
50553
50557
5056
50560
50577
50580
50581
50586
50587
50588
50590
50596
5060
5061
50610
50611
50613
50621
50623
50629
50630
50635
50640
50664
5067
50674
50676
50677
50690
50693
507
5070
50709
50713
50718
50722
50724
50728
50741
50742
50745
50749
50752
50758
5076
5078
50782
50784
50786
5080
50807
50809
5082
50838
5085
50853
50861
50865
50873
5088
50889
5089
50891
50895
50897
509
50909
50915
50918
5094
50942
50946
50948
5095
50954
50961
50962
5097
50972
50973
50990
50994
510
51002
5101
51012
51026
51036
51042
51044
51073
51074
5108
51084
51090
51091
51094
511
51104
51105
51108
51113
51118
51120
51121
51130
51131
51164
51207
51210
51214
51223
51233
51236
51237
51241
51251
51253
51264
51270
51272
51275
51283
51286
5129
51300
51303
51306
51307
51312
51313
5132
51320
51327
51331
51332
51344
51351
51354
51355
51358
51360
51368
51371
51372
5139
51396
51400
51415
51419
51422
51439
51448
51449
51450
51462
5147
51471
51472
51483
51498
515
51502
51503
51507
51509
51511
51530
51537
51541
51557
51561
51564
51575
51587
51589
51600
51603
51604
51610
51612
51621
51631
51635
51638
5164
51645
51647
51649
5165
51650
51655
51662
51665
51668
51670
51681
51685
51695
51697
517
51701
51703
51705
51706
51710
51711
51713
51725
51728
51730
51732
51735
51736
5174
51741
51745
51747
51751
51752
51754
51758
51764
51771
51779
51780
51782
51784
51785
51787
51795
51798
51807
51809
5181
51814
51819
5182
51829
51830
51834
51840
51843
51846
51850
51857
51865
5187
51873
51875
51878
51895
5190
51901
51909
5192
51921
5193
51932
51939
51951
51953
51955
51957
51958
51964
51965
51973
51978
5198
51984
51995
52006
52008
5201
52016
52018
52027
52036
52044
52051
52072
52088
52091
52092
5210
52107
52114
52116
5213
52131
52132
52137
5214
52141
52142
52153
52154
52159
52160
52167
52171
52173
52178
52179
5218
52190
52192
52194
52199
5220
52202
5222
52235
52247
52248
52251
52258
52266
52273
52283
52291
52307
5231
52328
52338
52340
52343
52344
52349
52350
52356
52358
52359
52361
52364
52365
52369
52374
52376
5238
52380
52383
52390
52395
52396
52404
52412
52421
52424
52429
52433
52436
52438
52441
5245
52453
52455
52465
52466
52468
52472
52476
52488
52491
52495
5250
52500
52504
5251
52510
52519
5252
52527
52531
52532
52535
52558
52564
52565
52574
52582
52602
52607
52608
5261
52614
52635
5264
52641
52654
52665
52667
5268
52689
52698
52702
5271
52712
52713
52726
52728
52729
5273
52735
52741
52742
52743
5275
52752
5276
52787
5282
52826
5283
52833
5284
52854
52872
52873
52874
52877
52887
5289
5290
52901
52908
5291
52920
52921
52924
5294
52942
52949
52952
52965
52978
52984
52986
5299
52998
53
53000
53010
53014
53028
53036
53043
53046
53047
5305
53067
53075
53083
53088
53089
53094
5311
53110
53124
53139
5314
53152
5316
53166
53176
53178
53180
53201
5321
53217
5323
53231
5324
53247
5326
53260
53265
53267
53268
53275
53278
53290
53299
5330
53301
53307
53313
53314
53317
53320
53332
53339
53350
53376
53387
5340
53402
5341
53411
53414
53418
53421
53428
5343
5344
53442
53448
53449
5345
53459
53463
53470
53476
5348
53486
53493
53499
53508
5351
53510
53511
53530
53532
53552
53556
53557
53561
53563
53578
53597
53607
53613
5364
53643
53644
53651
53653
53659
5366
53662
53674
53675
53676
53681
53683
53687
5370
53709
53733
53744
53749
53753
53758
53762
53764
53770
538
5380
53802
53803
53805
53811
53812
53821
53838
53844
53857
53861
53862
53865
53869
53876
53888
53896
53901
53932
53933
53941
53943
53949
53951
53959
53967
53976
53979
53991
53995
54
54001
54013
54018
5403
54032
54039
54074
54084
54085
54095
54103
5411
54110
54111
54117
54118
54119
54123
54134
5415
54167
54169
54171
54188
54194
54195
54200
54215
5423
54232
54234
54238
5424
5425
54260
54267
54280
5430
54314
5433
54336
54338
54340
54343
54346
5435
54351
5436
5437
54377
54379
54385
54393
5440
54407
54416
54420
54424
54428
54429
54431
54440
54443
54445
54455
54461
54470
54473
54488
5449
54493
54495
54500
54503
54516
54519
54522
54526
5453
5455
54559
54589
54604
54609
54612
54614
54623
54648
5465
54666
54674
54683
54688
54689
54690
54710
5473
5476
54761
54780
5479
54790
548
5481
54812
54815
54816
54825
54826
54827
54832
54839
54848
54849
54876
5488
54885
5489
54909
54911
54976
54978
54979
5498
54983
55
55040
55044
55057
55059
5506
55065
55066
55069
55072
55073
55078
55080
55095
55097
55104
55111
55115
55116
55122
55132
55148
5516
55178
55213
55224
55229
55237
55242
55243
55247
55254
55255
55261
55267
5527
55274
55281
55282
55295
55296
55305
55309
55314
55316
55318
55321
55349
55355
55360
55377
55388
5539
55391
5540
55419
5543
55435
55446
55448
55456
55459
55464
55475
55476
55478
5548
55480
55482
55492
55493
55495
55497
55501
55506
55507
55515
55518
5552
55520
55532
55533
5555
55550
55552
55554
55561
55584
55587
55588
55595
55601
55607
55609
55616
55621
55629
5563
55637
55647
55648
55660
55665
55674
55676
5568
55680
55683
55684
55687
55694
55701
55706
55708
55710
55722
55725
55730
55731
55733
55734
55739
5574
55740
55744
55746
55748
55756
55759
55769
5577
5579
55793
55800
55802
55803
5581
55811
55816
5582
55821
55824
5583
55833
55841
55844
55845
55853
55862
55864
55867
5587
55873
55881
55883
5589
55913
55916
55918
55919
55921
55923
55927
55930
5594
55943
55945
55949
55954
55955
5596
55962
55963
55965
55967
55968
55973
55975
55989
55993
55996
5600
56001
56006
56014
56020
56022
56023
56025
56050
56055
56056
56072
56088
56094
56108
56110
56111
56121
56122
56130
56131
56135
56139
56140
56147
56156
56164
56166
56168
56169
56174
56186
56199
56200
56205
56206
56210
56219
56227
56231
56253
56257
56267
5628
56284
56289
56300
56309
56313
56314
56322
56323
56326
56327
56334
56337
56338
56345
56352
56366
56373
56386
56397
564
5640
56410
56413
5643
56430
56437
56440
56443
5645
56450
56462
56465
56469
56474
56476
56479
56481
56482
56487
56490
56492
56495
565
56503
56506
56514
56537
56547
5656
56570
56573
56575
56576
56578
56579
56580
56584
56587
56595
56599
5661
56611
56614
56617
5663
56636
5664
56640
56648
56650
56656
56663
56679
56685
56689
56695
56697
567
56712
56716
56717
56723
5673
56731
56744
56745
56755
56762
56763
56768
56769
56770
56776
56777
56778
56779
56784
5679
5680
56812
56821
56827
56838
56839
56842
56843
56844
56854
56857
56864
56870
56872
56874
56875
56877
56878
5688
56890
56898
569
56902
56903
56907
56908
56925
5693
56935
56938
56941
56943
56947
56948
56950
56953
56959
56972
56987
56994
56995
56997
57004
57005
57006
57008
57018
57019
5702
57021
57031
57037
57039
57053
57058
57059
57061
57068
57069
57072
57075
57076
57082
57085
57086
57088
57090
57095
57096
57097
5710
57100
57101
57110
57111
57117
57118
57121
57122
57124
57125
57128
57129
57131
57132
57135
57136
57137
57139
57145
57147
57156
57160
57173
57175
57177
57178
57180
57182
57187
57193
57194
57197
57199
57205
57216
57218
57234
57235
57246
57261
57273
57278
57280
57284
57299
57302
57305
5732
57322
57325
57332
57333
57334
57338
57341
57344
57345
57349
57353
57355
57361
57363
57365
57368
57369
57373
57377
57386
57389
57394
57398
57407
57408
57411
57424
57430
57437
5744
57471
57478
57482
57486
57494
57499
57500
57505
57506
57508
57521
57522
57529
5753
57559
57562
57575
57582
57589
57590
57598
57601
57608
57616
57623
57627
57634
57639
57640
57641
57654
5766
57678
57684
57694
57706
57707
5771
57716
57728
57731
57734
57736
57739
57748
5776
57762
57766
5777
57771
57773
57784
57788
57796
57799
57800
57810
57812
57816
57823
57827
57836
57842
57854
57882
57894
57901
57904
57906
57908
57916
57919
5792
57924
57927
57929
57931
57934
5794
57941
57959
57963
57966
57968
5797
57974
57975
57978
57984
57986
57989
5799
57992
57994
57997
57998
58
58000
58002
58008
58028
5803
58031
58037
58049
5805
58055
58059
5808
58080
58092
58095
58098
5810
58104
58105
58115
58121
58132
58135
58141
58143
58149
58150
58154
58161
58163
58170
58177
58183
58185
58187
58198
58199
58202
58204
58206
58207
58208
58214
5822
58224
58227
58229
58235
58238
58250
58265
58296
5830
58300
58305
58308
58311
58334
58336
58338
58339
58344
58353
58356
58357
58361
58370
58371
58374
58376
5838
58385
58386
58387
58389
58390
58395
58403
58405
58413
58418
58423
58424
58436
58465
58468
58470
58477
58478
58491
58493
58501
58503
58505
58514
58517
58523
58528
58532
58538
58544
58545
58552
58574
58579
58591
58596
58610
58630
58632
58633
58639
58644
58645
58649
58662
58664
58665
58674
58682
5870
58700
58728
5874
58750
5876
58765
58788
5879
58813
58816
58817
58823
58827
5884
58863
58866
58877
58878
58880
58887
58896
58909
5892
58925
58954
58960
58962
58963
58967
5897
58975
58979
58981
58989
590
59007
59009
59018
59022
59028
59033
59045
59048
59049
59050
59055
59056
59081
59083
59084
59086
59102
59118
59128
59132
5916
59161
59184
59186
59188
59210
59214
5922
59222
59223
59237
59238
59244
59250
59251
59257
59262
59276
59286
59292
59301
59305
59306
59310
59315
5932
59326
5933
59332
59336
59339
59340
59350
59365
59367
59370
59376
5939
59408
59411
59414
59418
59426
59430
59440
59454
59456
59460
59474
59489
59498
595
59511
59514
59522
59525
59528
59529
59535
5954
59545
59551
59554
59557
59560
59571
59582
59583
59610
59614
59616
59627
59632
59634
59640
59647
59648
59650
59654
59655
59657
59662
59666
59669
59671
59676
59681
59706
59707
59716
59727
59732
59735
5974
59742
59750
59752
59753
59783
598
59807
59817
5983
59834
59835
59838
59843
59852
5986
59862
59868
59873
59888
59894
59900
59927
59947
59961
59971
59976
59983
60000
60003
60016
60031
6004
60045
60046
60049
6005
60058
6007
60074
60080
60089
60095
60102
60113
60153
60163
60164
60189
60191
60192
60203
60220
60224
60228
60238
60239
60240
60241
60268
60275
60291
60316
6032
60320
60321
60323
60325
60330
60343
60346
60353
60356
60357
60370
60401
60402
60410
60436
60442
60443
60453
60459
60463
60475
60479
60484
60506
60514
60536
60543
60562
60575
6061
60627
60628
60635
60637
60671
60695
60696
60708
60716
60723
60738
60739
6074
60758
60762
60770
60790
60794
60795
608
60816
60820
60831
60838
60841
60843
60845
60856
60860
60879
60896
60899
6090
60916
60949
60950
60951
60961
60999
61008
6101
61019
61052
61055
61063
6110
61126
61166
61181
61210
61221
61235
613
61368
61381
61386
61390
61441
6145
6147
6150
6153
6155
617
61710
61713
6172
61721
61727
61739
6174
61777
61790
61792
61824
6186
61879
6189
619
6190
61900
61907
61918
6193
61979
6208
62121
62122
62143
62225
6228
62296
62310
6235
62465
6253
6263
6265
6266
62666
62691
6275
62757
6288
6292
6293
6294
63
63000
6301
6302
6309
6310
6318
6326
6329
63299
6332
6335
6337
635
6356
6359
63591
6360
6364
6367
637
6373
6376
6377
6380
6388
639
6400
6402
6406
64068
64079
6408
6415
64169
6419
642
6425
64312
64373
6439
644
6440
64401
64412
6443
64458
6447
6448
645
6450
6451
64517
6454
64542
6455
64553
64586
6459
64600
64601
64616
64619
64633
64637
64638
64652
64678
647
64742
6475
64755
64798
6483
64848
6485
64862
64904
64913
64955
64999
650
65001
65022
65027
6504
6505
65054
65056
65131
65152
6516
65169
65178
6518
652
65215
65279
6528
65287
65328
65333
65347
65351
65369
65372
65375
65376
65379
65385
65398
654
65413
6544
6545
6546
65466
65485
65506
65555
65612
65620
65646
65657
65676
6570
65717
65718
6574
65760
65775
65779
65796
65799
6580
65854
65857
6586
65866
6587
65877
65893
65905
65928
65943
6595
660
66039
66070
66085
66092
661
66146
6624
66242
6627
6628
66280
66297
66299
66325
66329
6634
66343
6636
66366
6637
66381
66389
66407
6643
66434
6644
66461
66512
6654
66546
66547
66552
66558
66559
6656
66575
66578
66579
66580
66590
66604
66608
66622
66640
66641
6666
6667
6668
6670
66702
6673
66738
6675
66752
66774
6678
66807
66829
66849
66860
66861
6687
66891
6690
66904
66930
66958
66978
66983
66986
6699
670
67029
67034
67035
67076
67106
67109
67120
67129
67141
67153
6716
67163
67173
67182
6719
67196
67201
67205
67211
67218
67265
67271
6728
67282
67287
67326
67332
67339
6734
67347
6735
67355
67361
67379
67394
67406
6741
67410
67421
67453
67458
67477
67480
6750
67504
67508
6751
67511
67518
67524
67550
6756
67569
67575
67578
6759
6760
67619
67621
67622
67635
67638
67648
67655
67658
67660
67670
67671
67672
67675
67694
67709
67733
67737
67752
67756
67761
67766
6778
67793
67796
67800
67814
67822
67823
67831
67848
67859
67864
67865
6789
67891
67897
679
67900
67918
67927
67928
6793
67931
67934
67945
67946
67948
6796
67969
67987
67994
68006
68009
68014
68019
6802
68046
68065
68074
68096
68110
68127
68135
6814
68143
6816
68162
68169
6817
68171
68175
68177
68181
68197
68204
68216
68224
68227
6823
68242
68244
68258
6826
68262
68265
6827
68270
68275
6832
68327
6833
68331
68341
6835
6837
68381
68383
68384
68392
68439
68442
68454
6848
68482
68485
68491
68493
68495
68502
68508
68510
68514
6852
68535
68543
68552
6856
68560
68589
6861
68613
6864
68640
68653
68666
68670
68689
68691
68692
68724
68727
68736
6874
68742
68743
68744
6876
68771
68772
68777
68779
68786
68793
68797
68843
68870
68874
68878
6888
68893
68894
68919
6892
68922
6893
68933
68941
68942
68943
68944
68946
68961
68968
6897
68973
68976
68977
690
69014
69029
69047
69061
69089
69092
69095
69099
69108
69126
69148
69169
69172
69173
69191
69198
69212
69213
69215
69220
69224
69263
69270
69279
69284
69287
69290
69293
693
69305
69311
69316
69320
69336
69338
69339
69342
69344
69347
69351
69364
69366
69367
69375
69385
69387
69391
69394
69401
69402
69404
69415
69421
69428
69429
69433
69434
69438
69443
69448
69449
69450
69452
69456
69457
69460
69462
69469
69473
69478
69479
69486
69487
69489
69495
69502
69504
69505
69530
69531
69533
69536
69559
69561
69571
69577
69580
69588
69591
69594
69597
696
69602
69608
69619
69630
69633
69637
69647
69650
6966
69676
69688
69693
69702
69709
69718
69738
69739
69757
69764
69765
69768
69770
69771
69773
69787
69794
69799
698
69804
69807
69816
6982
69824
69825
69829
69831
69844
69858
69859
6986
69866
69869
69874
69889
69892
69896
69897
69898
69904
69905
69914
69916
69922
6993
69930
69934
69940
69951
6996
69963
69965
69968
69970
69971
69974
69983
69985
69992
69993
69997
70
70009
70012
70017
70020
70025
70026
70034
70035
7004
70040
70048
7005
70056
70058
70063
70064
70084
70086
70088
70098
70104
70108
70116
70118
70124
70129
70130
70131
70133
70134
70139
70144
70148
70149
70153
70160
70175
70176
70186
70191
70192
70197
70199
70201
70202
70204
7021
70213
70222
70224
70228
70232
70246
70250
70258
70264
70265
70269
70271
70273
70277
70291
70292
70295
70297
70299
703
70301
70309
70316
70320
70321
70322
70323
70325
70326
70341
70343
70349
70355
70367
70370
70374
70378
70387
7039
70392
70399
70404
70410
70419
7042
70420
70421
70429
70430
70432
70433
70435
70442
70445
7045
70451
70455
7046
70460
70467
70477
70492
70493
70497
70502
70507
70510
70516
70517
70519
70525
70526
7053
70531
70532
70537
70539
70541
70542
70544
70545
70547
70557
70569
70575
70579
70585
70593
70600
70607
70608
70615
70619
70621
70622
70628
7063
70633
70637
7064
70646
70660
70664
70665
70666
70678
70681
70683
70689
70691
70695
70698
70699
707
70702
70703
70708
70709
7071
70712
70713
70719
7072
70720
70723
70728
70731
70734
70735
70739
70746
70756
70757
7076
70761
70765
70773
70774
70780
70783
70784
70785
70786
70789
70793
70794
70795
70797
70799
70803
70805
70816
70818
70819
7082
70821
70826
70830
70832
70838
70839
70842
70843
70844
70847
70848
70855
70864
70872
70874
7088
70881
70882
70885
70888
70889
70892
709
7090
70909
70912
70926
70927
70933
70934
70936
70943
70946
70948
70952
70953
7096
70960
70962
70975
70977
70981
70986
70989
70991
70995
70996
70999
71000
71002
71006
71013
71019
71021
71022
71023
71025
71028
71030
71034
71035
71039
71046
71047
71049
71051
71052
71053
71063
71068
71078
71083
71085
71087
71089
71092
71094
71097
71102
71106
71110
71113
71118
71119
71120
71121
71126
71132
71133
7114
71140
71144
71149
71153
71155
71157
71159
7116
71162
71165
71169
71171
71181
71184
71188
71190
71193
71200
71208
71209
71223
71234
71241
71249
71254
71257
71258
71261
71263
71278
71281
71287
71288
71307
71321
71333
71335
71343
71345
71351
71354
71355
71356
71360
71370
71381
71386
71392
71395
71396
714
71401
71413
71417
71420
71421
71424
71438
71442
71445
71446
71450
71458
71467
71469
71471
71478
71485
71490
71493
7150
71508
71511
71521
71524
71533
71534
71535
71538
71542
71546
71554
71558
71559
71565
71568
71569
71573
71578
71587
71589
71594
71595
71605
71607
71611
71612
71619
71625
71626
71629
71636
71637
7164
71656
71657
71665
71672
71677
71699
7170
71703
71708
71709
71720
71723
71728
71731
71733
71737
71742
71746
71748
71750
71751
71752
71753
71770
71774
71780
71786
71791
71797
7180
71801
71802
71804
71810
71817
71818
71819
71826
71831
71836
71837
71838
71839
71844
71848
71858
71868
71878
71882
71883
71890
71895
71902
71905
71909
7192
71920
71926
7193
71938
71944
71954
71957
71959
71969
71973
71976
71982
71984
71985
71986
71987
71991
71992
71993
72001
72006
72020
72024
72030
72035
72055
72064
72073
72083
72086
72087
72088
7209
7210
72106
72114
72115
72117
72122
72128
72131
72134
72139
72145
72147
72148
72155
72156
72165
72169
7217
72179
72182
72209
72217
72220
72233
72237
72240
72241
72245
72247
72250
72252
72258
72259
72260
72263
72269
72272
7229
72296
72306
72309
72325
72328
72329
72345
72347
7235
72350
72352
72354
72367
72381
72387
72397
72404
72408
72409
72411
7243
72430
72431
72438
72457
7246
72460
72468
72487
72491
72494
72506
72512
72518
7252
72528
72535
72539
72549
72572
72588
7259
72591
72596
72599
726
72601
72604
72605
72607
72618
7262
72623
72633
72638
72639
72659
72661
72665
72667
72680
72681
72685
72696
72709
72716
72750
72751
72756
72770
72775
72780
72782
72788
72792
72803
72804
72806
72808
7281
72810
72820
72829
72848
7285
72859
72863
72867
72876
72879
72882
72887
72888
7289
72892
72897
72900
72919
7292
72922
72926
72927
72930
72938
72968
72972
72973
72977
72981
72983
72985
72996
72998
73004
73008
7301
73021
73023
73035
7304
7306
73078
73079
73082
73096
73102
73103
73104
73123
73125
73143
73148
73154
73156
7316
73163
73176
73177
73190
732
7321
7322
7325
7326
7328
7333
7341
7355
7359
7368
7369
737
7370
7385
7394
7395
7411
7417
7420
7421
7441
7458
7465
7468
7470
7475
7478
748
7483
7484
7506
7511
7521
7525
7533
7536
7538
7540
7544
7545
7553
7556
7557
7560
7562
757
7570
7574
7577
7584
7588
7590
7597
76
7603
7606
762
7632
7644
7654
7656
7657
7658
7663
7667
767
7671
7675
7677
7680
7683
7694
7707
7709
7716
772
7725
7726
7731
774
7740
7741
7743
7744
7748
7750
7762
7763
7765
7770
7775
7789
7798
7800
7806
7812
7820
7823
7825
7834
7835
7837
7841
7842
7843
7846
7849
7856
7871
7888
7889
7900
7905
791
7917
7925
7930
7942
7944
7952
7960
7961
7965
7966
7967
7977
7979
798
7998
8003
8013
8014
8029
8060
8064
8067
8096
8097
8098
81
8110
8112
8114
8117
8128
8131
8135
8146
8157
8165
8167
8171
8173
8182
8188
8196
8198
8199
8200
8201
8207
8214
8215
8220
8232
8234
8245
825
8250
8251
8254
8255
8258
8266
8281
8292
8293
8295
8302
8318
832
833
8332
8339
835
8353
8356
8360
8362
8368
8369
8379
8381
8391
8393
8397
8399
8400
8406
8412
8417
8424
8435
8439
8449
8464
847
8502
852
8520
8522
8526
8527
8531
8535
8537
8556
8557
8571
8575
8581
8582
8586
8624
8628
8631
8635
8641
8653
8659
867
8673
8678
8685
869
8691
8695
8707
8714
8718
8725
8726
8748
8766
878
8802
8813
8821
8822
8838
8841
8876
8882
8887
889
8908
8913
8918
8929
8942
8962
8964
897
8974
8977
8979
8986
9002
9013
9022
9028
9030
9035
9047
9074
9079
908
91
9105
9118
912
9126
9128
913
9134
9169
9170
9173
9183
9186
9187
919
921
9214
9219
9227
924
9256
9267
9272
9277
9283
9293
9302
9309
9313
9340
9347
9351
9352
9354
9359
9367
937
9376
9379
9382
9396
9399
9402
9406
9414
9432
9440
9445
9465
9469
9475
9485
9505
9510
9514
9517
9523
9530
9549
9559
9560
9570
9586
9588
96
9613
9616
9617
9621
963
9631
9642
9643
9645
9648
9654
967
9680
9684
9697
9703
9707
9711
9725
9727
9729
9736
9741
9753
9765
9773
9774
9776
9778
978
9785
9799
9805
9817
9819
9822
9828
983
9843
9846
9854
9856
986
9869
9880
9888
9894
9904
9910
9917
9923
9938
9961
9970
9973
9974
9988
9989
9995
9997
