181.024583333       1.84694444444       181.024962       1.846978       38154 
181.04       1.825       181.040596       1.825956       38164 
181.110416667       1.89666666667       181.112775       1.895961       38201 
181.15875       1.78583333333       181.158567       1.787717       38218 
181.182916667       31.1761111111       181.180579       31.177281       38227 
181.439583333       31.0588888889       181.439554       31.058789       38325 
181.425       8.99222222222       181.4265       8.989472       38326 
181.76125       43.0672222222       181.763042       43.065389       38440 
181.9425       43.1261111111       181.942125       43.126361       38503 
182.03       65.1727777778       182.025083       65.174139       38524 
182.6375       39.4077777778       182.6357449       39.4057299       38739 
183.06875       13.2066666667       183.0719521       13.2051947       38890 
183.079166667       29.1802777778       183.078333       29.179306       38892 
183.09       29.2066666667       183.08925       29.206944       38897 
183.1125       29.1491666667       183.112125       29.149222       38906 
183.127916667       29.1691666667       183.1293708       29.1684556       38912 
183.201666667       -2.72472222222       183.201083       -2.724611       38946 
183.819166667       13.025       183.820042       13.023972       39183 
183.97125       13.1494444444       183.976833       13.149389       39246 
184.180833333       -3.43222222222       184.183667       -3.430278       39348 
184.204583333       47.4391666667       184.204292       47.438806       39353 
184.205       47.4577777778       184.203821       47.457475       39354 
184.74125       47.3044444444       184.7396025       47.3039731       39600 
184.845       5.82666666667       184.8467517       5.8252153       39659 
184.952916667       5.46444444444       184.956042       5.463389       39718 
184.981666667       5.34666666667       184.983583       5.343306       39738 
185.03       29.2797222222       185.02844       29.2807533       39764 
185.38625       14.6069444444       185.3865       14.606167       39950 
185.427083333       14.6013888889       185.427       14.598306       39974 
185.515833333       12.7402777778       185.515       12.740917       40030 
185.521666667       9.04416666667       185.523458       9.043583       40033 
