0.159583333333       28.385       0.158083       28.384556       54 
0.184583333333       28.4013888889       0.183333       28.401444       58 
0.195       28.4027777778       0.195667       28.402028       63 
0.360833333333       31.4338888889       0.361542       31.43375       109 
0.375833333333       31.4425       0.375208       31.441861       112 
0.407916666667       23.4847222222       0.409667       23.483639       120 
0.427083333333       23.4947222222       0.424708       23.495889       129 
1.00416666667       -11.1769444444       1.002696       -11.177981       281 
1.00416666667       -11.1769444444       1.002696       -11.177981       281 
1.00416666667       -11.1769444444       1.002696       -11.177981       281 
1.00708333333       -11.1741666667       1.006333       -11.17425       282 
1.68333333333       -6.63527777778       1.68333333333       -6.63527777778       509 
1.68666666667       -6.63722222222       1.68666666667       -6.63722222222       510 
1.81666666667       27.7088888889       1.816       27.708083       564 
4.57625       30.0719444444       4.577042       30.07175       1187 
4.70875       -10.3611111111       4.708917       -10.361611       1221 
4.71208333333       -10.3772222222       4.712025       -10.376842       1224 
5.10625       0.826666666667       5.1074167       0.8263611       1306 
5.11416666667       0.833055555556       5.114583       0.833556       1309 
5.46541666667       22.4002777778       5.464167       22.4       1405 
6.5125       25.7188888889       6.524792       25.719333       1625 
6.53       25.725       6.52708       25.72222       1627 
6.76208333333       11.5841666667       6.762167       11.583806       1665 
7.09041666667       3.38888888889       7.075033       3.383686       1741 
7.07708333333       3.38305555556       7.090542       3.389667       1746 
7.30083333333       2.8725       7.301543       2.872708       1787 
7.3125       2.86527777778       7.31275       2.864056       1791 
7.32666666667       2.86972222222       7.327292       2.870444       1794 
7.85       8.46805555556       7.849625       8.466833       1921 
8.53166666667       -21.4358333333       8.5345       -21.435528       2040 
8.54625       -7.565       8.554917       -7.564833       2045 
8.55833333333       -21.4711111111       8.558542       -21.47       2046 
8.55833333333       -21.4411111111       8.557589       -21.43905       2047 
8.55       -21.4177777778       8.564593       -21.417554       2051 
8.56583333333       -21.4777777778       8.570117       -21.477745       2057 
9.62125       29.5116666667       9.622458       29.511222       2298 
9.74875       -9.00277777778       9.747667       -9.002694       2331 
9.75083333333       -9.01444444444       9.751008       -9.014581       2332 
9.80625       0.861944444444       9.805792       0.864139       2352 
9.82416666667       0.912222222222       9.824333       0.91275       2357 
9.82875       0.891944444444       9.8282917       0.8919444       2365 
9.9       8.95972222222       9.906958       8.965417       2390 
11.6333333333       36.3258333333       11.633292       36.325611       2720 
11.9479166667       -9.89944444444       11.948075       -9.899539       2805 
12.3929166667       23.5777777778       12.392292       23.57825       2886 
12.4       23.5727777778       12.402625       23.573389       2892 
12.7579166667       -7.0575       12.75775       -7.056944       2980 
13.8266666667       31.7297222222       13.826083       31.730083       3269 
13.825       31.7463888889       13.830994       31.749186       3271 
14.4504166667       -5.1125       14.449458       -5.112083       3454 
14.4545833333       30.3527777778       14.4536804       30.3524478       3455 
14.4804166667       -5.13055555556       14.480667       -5.130417       3462 
14.9583333333       31.8266666667       14.9720008       31.8269092       3575 
15.29875       30.1308333333       15.297375       30.13075       3651 
15.84125       -6.33972222222       15.841167       -6.339222       3768 
16.27       -6.21277777778       16.270333       -6.212389       3853 
16.8558333333       32.2925       16.85425       32.292778       3983 
17.34125       14.3419444444       17.341625       14.342303       4116 
19.06875       46.7402777778       19.068583       46.740222       4598 
19.0866666667       46.7475       19.085625       46.747972       4600 
19.8525       12.4619444444       19.852456       12.46183       4748 
19.85       12.4466666667       19.8506829       12.4468518       4750 
20.0283333333       3.41666666667       20.027917       3.415278       4801 
20.44625       5.25472222222       20.445208       5.256722       4946 
20.6620833333       26.8675       20.669875       26.868389       5011 
20.6783333333       26.8666666667       20.679458       26.866722       5015 
21.1825       33.4297222222       21.1825       33.429444       5214 
21.3420833333       14.8383333333       21.342264       14.838572       5261 
21.3533333333       14.8633333333       21.3527       14.864554       5271 
21.4975       -1.33944444444       21.496333       -1.340222       5323 
21.5033333333       -1.34388888889       21.502581       -1.34518       5324 
21.59       34.7038888889       21.59075       34.703028       5344 
22.2808333333       11.1308333333       22.279833       11.131472       5548 
22.3       11.135       22.296167       11.140694       5555 
22.8370833333       -6.86833333333       22.836458       -6.868056       5663 
23.0095833333       33.2086111111       23.009583       33.207378       5710 
23.0858333333       -7.85944444444       23.085375       -7.859556       5732 
23.4208333333       44.9291666667       23.4205       44.928694       5808 
23.5104166667       -1.07722222222       23.51025       -1.07575       5830 
25.025       15.9111111111       25.04125       15.904722       6174 
26.23375       10.4225       26.23375       10.423028       6415 
27.2229166667       10.5213888889       27.222631       10.521599       6643 
27.3554166667       21.9972222222       27.353583       21.997306       6690 
27.63875       32.4961111111       27.668875       32.495917       6789 
27.7420833333       21.9972222222       27.743708       21.9975       6816 
27.905       8.25694444444       27.90421       8.256612       6874 
29.0870833333       5.62888888889       29.087639       5.628938       7252 
29.3866666667       33.2066666667       29.386375       33.209278       7369 
29.3870833333       33.2044444444       29.38746       33.20308       7370 
29.8345833333       19.0061111111       29.831583       19.007528       7525 
29.9579166667       -7.06083333333       29.957792       -7.059278       7553 
30.4975       23.5497222222       30.530348       23.549828       7731 
30.55125       -0.100833333333       30.5514167       -0.1006389       7741 
30.9358333333       14.7086111111       30.935813       14.709294       7846 
30.95875       14.7394444444       30.957442       14.739147       7856 
31.7129166667       -0.507777777778       31.719917       -0.518111       8067 
35.8420833333       32.1972222222       35.8416201       32.1970965       9074 
36.6941666667       20.4986111111       36.695125       20.4975       9302 
38.4983333333       20.9766666667       38.500083       20.976778       9776 
