0.359166666667       13.1127777778        0.00661940196925        108 
0.375833333333       31.4425        0.00935015380455        112 
0.427083333333       23.4947222222        0.0132074432969        129 
1.00708333333       -11.1741666667        0.0097908129774        282 
1.35       5.22833333333        0.0097908129774        378 
1.495       -36.115        0.00760009034315        438 
1.6       -41.5119444444        0.005021329894        482 
1.62125       -13.4205555556        0.0055057787444        488 
1.68666666667       -6.63722222222        0.00603696634605        510 
1.82166666667       27.6794444444        0.00913731831945        567 
2.60416666667       -46.4916666667        0.0104910451192        729 
2.6375       28.9972222222        0.0107354129523        742 
3.64541666667       48.2561111111        0.012045331447        974 
4.525       -37.7105555556        0.0102522397773        1176 
4.59375       30.0805555556        0.0123259032594        1194 
4.59875       30.0627777778        0.0104910451192        1197 
4.59875       30.0627777778        0.0104910451192        1197 
4.61875       30.04        0.00956794686495        1204 
4.61875       30.04        0.00956794686495        1204 
4.61875       30.04        0.00956794686495        1204 
4.64333333333       30.0358333333        0.00275942601787        1208 
4.64333333333       30.0358333333        0.00275942601787        1208 
4.64333333333       30.0358333333        0.00275942601787        1208 
4.64333333333       30.0358333333        0.00275942601787        1208 
4.71208333333       -10.3772222222        0.00935015380455        1224 
5.11416666667       0.833055555556        0.0056340248062        1309 
5.35041666667       -48.6658333333        0.0097908129774        1374 
5.37166666667       22.5005555556        0.00742709116595        1382 
5.38375       -48.6261111111        0.0162487050305        1388 
5.38375       -48.6261111111        0.0162487050305        1388 
5.5       22.4002777778        0.0117711462287        1412 
6.53       25.725        0.013829890923        1627 
6.53416666667       25.66        0.00269661381314        1628 
6.53416666667       25.66        0.00269661381314        1628 
7.07708333333       3.38305555556        0.0148189951133        1746 
7.28416666667       2.81055555556        0.00646872598485        1784 
7.3125       2.86527777778        0.0209323869711        1791 
7.32666666667       2.86972222222        0.0056340248062        1794 
7.32666666667       2.86972222222        0.0056340248062        1794 
7.80916666667       -36.8538888889        0.0085274416194        1910 
7.83791666667       -22.6458333333        0.00693136477305        1917 
7.91       8.39055555556        0.00777711918885        1934 
8.49208333333       48.9508333333        0.0112413573774        2032 
8.55833333333       -21.4711111111        0.00956794686495        2046 
8.55833333333       -21.4411111111        0.0117711462287        2047 
8.55833333333       -21.4411111111        0.0117711462287        2047 
8.56583333333       -21.4777777778        0.0144816736019        2057 
8.56583333333       -21.4777777778        0.0144816736019        2057 
8.56583333333       -21.4777777778        0.0144816736019        2057 
8.6       -7.59972222222        0.0141520304655        2064 
8.9       8.99305555556        0.0104910451192        2139 
9.01791666667       23.9583333333        0.022951905907        2154 
9.15583333333       -27.79        0.00677358764825        2184 
9.21708333333       23.9916666667        0.0224294567442        2202 
9.3975       -22.5483333333        0.0190905638112        2241 
9.6475       29.4469444444        0.00632147980455        2309 
9.72833333333       7.05611111111        0.00224294567442        2325 
9.725       25.6394444444        0.0112413573774        2327 
9.75083333333       -9.01444444444        0.0053804519194        2332 
9.785       -8.40027777778        0.0174108011253        2351 
9.80625       -8.39416666667        0.0158788393481        2353 
9.80625       -8.39416666667        0.0158788393481        2353 
9.82875       0.891944444444        0.00913731831945        2365 
9.875       3.93888888889        0.00956794686495        2384 
9.89583333333       0.859722222222        0.0151641738521        2388 
9.9       9.00361111111        0.0100188703085        2396 
10.5941666667       29.6972222222        0.00814364352425        2537 
10.6745833333       40.8652777778        0.0760009034315        2555 
10.7       23.4891666667        0.0100188703085        2563 
10.71875       -23.5411111111        0.0100188703085        2569 
10.7229166667       -23.5444444444        0.00295677824952        2570 
10.7229166667       -23.5444444444        0.00295677824952        2570 
11.0904166667       -17.3511111111        0.0097908129774        2635 
11.66125       36.3313888889        0.00661940196925        2726 
11.7833333333       -52.05        0.0102522397773        2751 
11.7945833333       32.6913888889        0.00380906825441        2761 
11.9479166667       -9.89944444444        0.0257524619891        2805 
12.4       23.5838888889        0.00182313469027        2890 
12.4       23.5727777778        0.00182313469027        2892 
12.4       23.5727777778        0.00182313469027        2892 
12.4558333333       -21.0161111111        0.0144816736019        2902 
12.7683333333       -7.06555555556        0.0135150841717        2984 
13.15       6.05027777778        0.0085274416194        3087 
13.5858333333       -23.5527777778        0.0055057787444        3201 
13.7375       -32.0208333333        0.0057652581025        3245 
13.8395833333       31.6772222222        0.00956794686495        3274 
14.1       -1.23888888889        0.00956794686495        3365 
14.41875       43.7919444444        0.0100188703085        3445 
14.4804166667       -5.13055555556        0.013829890923        3462 
14.50625       -5.07305555556        0.013829890923        3467 
14.50625       -5.07305555556        0.013829890923        3467 
14.7779166667       -86.2861111111        0.0141520304655        3533 
15.305       30.1536111111        0.00380906825441        3652 
16.2858333333       -6.28083333333        0.012045331447        3855 
16.7754166667       32.3472222222        0.0126130104288        3953 
16.8254166667       32.4838888889        0.012045331447        3969 
16.8654166667       32.3211111111        0.00935015380455        3984 
16.8783333333       32.3622222222        0.0079582715661        3989 
16.8783333333       32.3622222222        0.0079582715661        3989 
16.8958333333       -33.6383333333        0.0132074432969        3993 
17.0579166667       21.0986111111        0.0085274416194        4029 
17.15375       39.6430555556        0.0148189951133        4061 
17.2116666667       -28.5994444444        0.00229519059071        4083 
17.37       14.3630555556        0.00693136477305        4124 
17.7433333333       33.1516666667        0.0182313469027        4224 
17.8620833333       -45.9377777778        0.00833333335        4271 
17.1       -5.31638888889        0.00956794686495        4048 
17.1245833333       39.6941666667        0.00956794686495        4054 
17.1245833333       39.6941666667        0.00956794686495        4054 
17.14375       16.8997222222        0.00760009034315        4058 
17.125       1.34972222222        0.00913731831945        4059 
17.15375       39.6430555556        0.0148189951133        4061 
17.15375       39.6430555556        0.0148189951133        4061 
17.15375       39.6430555556        0.0148189951133        4061 
17.1541666667       1.64138888889        0.0302565046247        4063 
17.1870833333       33.4627777778        0.0117711462287        4067 
17.18875       -46.4752777778        0.0079582715661        4068 
17.175       -15.4086111111        0.00457950729131        4071 
17.1933333333       -36.3436111111        0.00935015380455        4073 
17.175       -15.3436111111        0.00275942601787        4074 
17.1966666667       -28.5819444444        0.0104910451192        4075 
17.1966666667       -28.5819444444        0.0104910451192        4075 
17.175       -12.6319444444        0.0109854728433        4076 
17.1991666667       -15.845        0.013829890923        4079 
17.2075       -15.9488888889        0.00742709116595        4082 
17.2116666667       -28.5994444444        0.00229519059071        4083 
17.2116666667       -28.5994444444        0.00229519059071        4083 
17.2116666667       -28.5994444444        0.00229519059071        4083 
17.2154166667       -45.8319444444        0.0072580299308        4085 
17.21625       32.0997222222        0.00468617771929        4086 
17.2466666667       32.6344444444        0.00814364352425        4096 
17.2504166667       -5.51583333333        0.0104910451192        4099 
17.2620833333       -37.2905555556        0.0097908129774        4101 
17.26375       -74.5138888889        0.00935015380455        4102 
17.2695833333       -45.7736111111        0.011503202228        4104 
17.275       37.8402777778        0.0089293275615        4106 
17.3079166667       32.1502777778        0.0097908129774        4110 
17.3104166667       32.7508333333        0.0158788393481        4111 
17.33375       33.4780555556        0.00468617771929        4115 
17.34125       14.3419444444        0.0126130104288        4116 
17.34125       14.3419444444        0.0126130104288        4116 
17.3433333333       -78.9044444444        0.0107354129523        4120 
17.37       14.3630555556        0.00693136477305        4124 
17.37       14.3630555556        0.00693136477305        4124 
17.37       14.3630555556        0.00693136477305        4124 
17.3625       35.7177777778        0.0309612691533        4126 
17.3833333333       -47.7905555556        0.0079582715661        4131 
17.3858333333       -35.8055555556        0.0102522397773        4132 
17.3858333333       23.2938888889        0.0102522397773        4138 
17.4245833333       31.1327777778        0.00457950729131        4139 
17.425       13.2994444444        0.0158788393481        4142 
17.4229166667       -2.26666666667        0.0117711462287        4143 
17.4833333333       20.7713888889        0.0135150841717        4148 
17.4804166667       -45.9308333333        0.022951905907        4149 
17.48125       -46.9922222222        0.00693136477305        4150 
17.49       -1.74916666667        0.013829890923        4151 
17.49875       32.3686111111        0.0182313469027        4153 
17.5233333333       -35.4908333333        0.012045331447        4161 
17.5458333333       43.1097222222        0.0199902743651        4168 
17.5595833333       -56.7641666667        0.0097908129774        4169 
17.5808333333       -35.7358333333        0.012045331447        4173 
17.5808333333       30.1825        0.012045331447        4176 
17.5929166667       3.51916666667        0.0052579778812        4178 
17.62125       43.2877777778        0.0135150841717        4184 
17.64       -52.5561111111        0.00814364352425        4187 
17.6504166667       -30.2208333333        0.0170144829063        4189 
17.6525       33.1247222222        0.013829890923        4190 
17.6525       33.1247222222        0.013829890923        4190 
17.6541666667       -7.62138888889        0.0112413573774        4194 
17.65       -0.271388888889        0.0089293275615        4195 
17.6620833333       16.5969444444        0.0057652581025        4196 
17.675       49.6136111111        0.0214199648993        4202 
17.7020833333       33.5780555556        0.0087260712512        4210 
17.7       -1.76138888889        0.0109854728433        4214 
17.7       24.4552777778        0.0109854728433        4219 
17.72375       -5.82222222222        0.0199902743651        4222 
17.7433333333       33.1516666667        0.0182313469027        4224 
17.7433333333       33.1516666667        0.0182313469027        4224 
17.7433333333       33.1516666667        0.0182313469027        4224 
17.7541666667       -30.4377777778        0.0141520304655        4227 
17.7541666667       -55.8694444444        0.0102522397773        4228 
17.7708333333       33.8347222222        0.0102522397773        4235 
17.7758333333       -18.1494444444        0.005021329894        4237 
17.775       8.76611111111        0.0085274416194        4238 
17.8020833333       -7.54694444444        0.0100188703085        4249 
17.8229166667       31.7402777778        0.0085274416194        4255 
17.8275       31.8877777778        0.012045331447        4258 
17.82875       -45.9327777778        0.0085274416194        4259 
17.82875       -45.9327777778        0.0085274416194        4259 
17.84375       -29.2344444444        0.0079582715661        4266 
17.8620833333       -45.9377777778        0.00833333335        4271 
17.8620833333       -45.9377777778        0.00833333335        4271 
17.8620833333       -45.9377777778        0.00833333335        4271 
17.86625       -38.0827777778        0.0144816736019        4274 
17.8775       1.32111111111        0.00833333335        4275 
17.875       36.6711111111        0.0079582715661        4276 
17.8829166667       23.2188888889        0.00760009034315        4278 
17.9004166667       49.1208333333        0.0166271859914        4282 
17.9316666667       35.2758333333        0.0186560095254        4286 
17.9425       -61.5263888889        0.0104910451192        4290 
17.9441666667       -0.663333333333        0.00479533282074        4292 
17.9491666667       -47.2147222222        0.0079582715661        4294 
17.95875       -1.65555555556        0.00447526497871        4295 
17.96125       -55.8563888889        0.0141520304655        4298 
18.0370833333       -32.2416666667        0.00956794686495        4316 
18.0420833333       32.1230555556        0.0174108011253        4320 
18.20125       -58.2819444444        0.00956794686495        4361 
18.2475       -0.252222222222        0.0104910451192        4376 
18.4658333333       -31.7872222222        0.011503202228        4429 
19.0520833333       33.0638888889        0.0057652581025        4594 
19.0866666667       46.7475        0.0178163507815        4600 
19.7204166667       -16.8030555556        0.0155173928366        4711 
19.85       12.4466666667        0.011503202228        4750 
20.0283333333       3.41666666667        0.057652581025        4801 
20.14875       -17.3880555556        0.012045331447        4843 
20.14875       -17.3413888889        0.0107354129523        4844 
20.14875       -17.3413888889        0.0107354129523        4844 
20.3770833333       -61.3536111111        0.0072580299308        4927 
20.5       5.38027777778        0.0056340248062        4973 
20.6783333333       26.8666666667        0.00935015380455        5015 
20.8504166667       33.4322222222        0.012045331447        5082 
20.9075       34.5688888889        0.0085274416194        5089 
20.9191666667       33.2811111111        0.011503202228        5099 
20.9941666667       33.3133333333        0.00372236327537        5129 
21.1       3.88333333333        0.0097908129774        5208 
21.1825       33.4297222222        0.0158788393481        5214 
21.21875       -1.61777777778        0.00742709116595        5231 
21.21875       9.70222222222        0.011503202228        5232 
21.30375       -38.0683333333        0.0117711462287        5255 
21.3420833333       14.8383333333        0.0135150841717        5261 
21.3533333333       14.8633333333        0.0126130104288        5271 
21.3533333333       14.8633333333        0.0126130104288        5271 
21.45       -1.32361111111        0.00372236327537        5314 
21.5033333333       -1.34388888889        0.0117711462287        5324 
21.51125       -1.22666666667        0.00760009034315        5326 
21.6291666667       34.6755555556        0.00833333335        5360 
21.6416666667       -23.2655555556        0.00363763194261        5365 
21.9       -1.12138888889        0.00742709116595        5449 
22.3       11.135        0.0107354129523        5555 
22.90375       -6.89444444444        0.0135150841717        5679 
23.0183333333       33.1786111111        0.0053804519194        5711 
23.08625       -7.87416666667        0.00777711918885        5735 
23.1666666667       4.64333333333        0.0070928169992        5759 
23.5329166667       -1.03222222222        0.0107354129523        5838 
23.5820833333       29.2641666667        0.0089293275615        5853 
23.775       -36.4897222222        0.0155173928366        5898 
23.9029166667       -39.36        0.0135150841717        5924 
24.7770833333       -43.3616666667        0.00833333335        6109 
24.7783333333       -29.915        0.0170144829063        6112 
25.11625       34.6255555556        0.0158788393481        6189 
25.1170833333       -5.52166666667        0.0151641738521        6190 
25.125       14.5225        0.0085274416194        6193 
25.18       7.9825        0.00833333335        6208 
25.2791666667       -5.56888888889        0.0199902743651        6228 
25.3525       8.52555555556        0.00814364352425        6235 
25.7879166667       -34.2419444444        0.00935015380455        6328 
25.8254166667       -34.2055555556        0.00742709116595        6334 
25.8254166667       -34.2055555556        0.00742709116595        6334 
25.9795833333       13.8061111111        0.0199902743651        6364 
26.2570833333       10.3658333333        0.0089293275615        6425 
26.9729166667       27.4336111111        0.0632147980455        6595 
27.2179166667       10.5891666667        0.00777711918885        6654 
27.4475       21.9705555556        0.0166271859914        6719 
27.6958333333       32.5469444444        0.0109854728433        6802 
27.78375       -9.79361111111        0.0070928169992        6832 
27.7845833333       21.9138888889        0.025166264387        6833 
27.9170833333       8.30027777778        0.00742709116595        6876 
28.0075       -5.50333333333        0.0117711462287        6909 
28.15       48.0841666667        0.011503202228        6955 
28.17375       36.1438888889        0.0097908129774        6958 
28.2241666667       36.0533333333        0.011503202228        6972 
28.24       36.5133333333        0.0151641738521        6977 
28.37375       36.2205555556        0.0126130104288        7009 
28.5       -0.753611111111        0.00833333335        7046 
29.1004166667       5.62638888889        0.00178163507815        7264 
29.2291666667       33.015        0.013829890923        7316 
29.3870833333       33.2044444444        0.0123259032594        7370 
29.7       0.553611111111        0.00693136477305        7484 
29.8958333333       14.0083333333        0.0126130104288        7536 
29.9675       -7.08833333333        0.00956794686495        7557 
30.08125       31.3130555556        0.00833333335        7597 
30.3       31.9575        0.0087260712512        7666 
30.4433333333       26.545        0.0052579778812        7706 
30.44625       8.47638888889        0.00677358764825        7713 
30.55125       -0.100833333333        0.0166271859914        7741 
30.63875       -79.6722222222        0.0170144829063        7773 
30.91875       26.2777777778        0.0053804519194        7843 
30.95875       14.7394444444        0.0240335959074        7856 
31.6270833333       29.9936111111        0.0097908129774        8040 
31.9158333333       2.14972222222        0.00661940196925        8117 
32.135       6.32416666667        0.0190905638112        8173 
32.2795833333       44.2944444444        0.00913731831945        8212 
32.35375       -10.1358333333        0.0104910451192        8228 
32.4291666667       -10.1841666667        0.0107354129523        8254 
32.5616666667       41.5213888889        0.0126130104288        8294 
32.7483333333       32.7305555556        0.00814364352425        8350 
32.80125       3.78166666667        0.0079582715661        8368 
33.4358333333       17.0988888889        0.0079582715661        8536 
34.0495833333       42.8219444444        0.0104910451192        8674 
34.35       14.5805555556        0.0097908129774        8739 
34.425       12.4711111111        0.00913731831945        8758 
34.4945833333       14.5472222222        0.0214199648993        8775 
35.3858333333       39.3566666667        0.0126130104288        8970 
35.5045833333       -20.7391666667        0.0097908129774        8998 
35.5975       28.7152777778        0.00760009034315        9022 
35.7854166667       41.3722222222        0.0132074432969        9062 
35.7983333333       42.9916666667        0.0295677824953        9067 
35.8420833333       32.1972222222        0.00513829169245        9074 
35.9654166667       -21.0255555556        0.00777711918885        9098 
36.12375       -58.4344444444        0.0144816736019        9132 
36.1779166667       25.5313888889        0.00479533282074        9147 
36.3454166667       42.0355555556        0.00814364352425        9197 
36.43875       37.2313888889        0.011503202228        9225 
36.52125       42.1438888889        0.0158788393481        9253 
36.7333333333       20.535        0.00742709116595        9313 
36.9029166667       42.0080555556        0.00380906825441        9357 
37.05       19.5719444444        0.0112413573774        9392 
37.1154166667       -1.15166666667        0.0224294567442        9414 
37.1895833333       -10.5144444444        0.0123259032594        9431 
37.275       -10.8366666667        0.0107354129523        9458 
37.7045833333       -34.2205555556        0.00956794686495        9567 
37.80625       43.3391666667        0.00677358764825        9589 
37.825       1.34916666667        0.0129068051834        9598 
38.435       -38.8744444444        0.0052579778812        9761 
38.525       40.5308333333        0.0087260712512        9784 
38.5841666667       32.5055555556        0.0331755976125        9795 
38.6079166667       32.9544444444        0.0219188999763        9802 
38.8533333333       40.8697222222        0.0132074432969        9838 
38.875       40.9222222222        0.00956794686495        9849 
38.875       40.9222222222        0.00956794686495        9849 
39.1620833333       -54.8602777778        0.0166271859914        9907 
39.3658333333       21.1402777778        0.00166271859913        9944 
39.6983333333       41.6705555556        0.00833333335        10026 
39.7004166667       2.21666666667        0.0053804519194        10027 
39.765       18.3886111111        0.0135150841717        10043 
39.77625       18.3827777778        0.0151641738521        10044 
39.77625       18.3827777778        0.0151641738521        10044 
39.7895833333       18.3672222222        0.00760009034315        10046 
39.7895833333       18.3672222222        0.00760009034315        10046 
39.7895833333       18.3672222222        0.00760009034315        10046 
39.9       10.7916666667        0.0117711462287        10078 
40.1491666667       -8.54722222222        0.0055057787444        10137 
40.1583333333       -8.53361111111        0.00661940196925        10140 
40.1583333333       -8.53361111111        0.00661940196925        10140 
40.2520833333       39.0719444444        0.00295677824952        10169 
40.6758333333       -12.4283333333        0.0079582715661        10268 
40.6933333333       -12.3983333333        0.0109854728433        10270 
40.6933333333       -12.3983333333        0.0109854728433        10270 
40.81625       32.4666666667        0.00833333335        10303 
40.955       32.3891666667        0.00693136477305        10337 
40.9583333333       32.475        0.0162487050305        10338 
40.96125       32.5119444444        0.00956794686495        10339 
40.96125       32.5119444444        0.00956794686495        10339 
41.3075       32.9777777778        0.0087260712512        10420 
41.3741666667       -17.5419444444        0.00760009034315        10432 
41.39875       -17.6869444444        0.0141520304655        10438 
41.4758333333       42.7455555556        0.0174108011253        10460 
41.625       45.2158333333        0.0102522397773        10503 
42.0254166667       -13.96        0.0182313469027        10597 
42.1295833333       50.7541666667        0.0209323869711        10627 
42.3758333333       30.6975        0.00956794686495        10701 
42.4416666667       41.0522222222        0.0126130104288        10730 
42.6504166667       -31.5194444444        0.00833333335        10785 
43.0775       -1.29638888889        0.00646872598485        10868 
43.8004166667       -0.183333333333        0.00956794686495        11012 
44.075       75.0863888889        0.0087260712512        11098 
45.3104166667       44.8975        0.0282370130681        11404 
45.87875       -15.6855555556        0.00468617771929        11514 
45.8945833333       -15.6791666667        0.00468617771929        11519 
45.8945833333       -15.6791666667        0.00468617771929        11519 
45.9104166667       -15.6138888889        0.0195352401668        11527 
46.0       -12.0313888889        0.0087260712512        11557 
46.1554166667       42.3627777778        0.00408149016957        11581 
46.8275       -9.61194444444        0.0055057787444        11693 
47.04625       -22.9241666667        0.0112413573774        11735 
47.0683333333       -22.9841666667        0.00490703047111        11743 
47.0683333333       -22.9841666667        0.00490703047111        11743 
47.5095833333       -20.5991666667        0.00777711918885        11834 
47.56       42.2211111111        0.013829890923        11847 
47.8308333333       -8.90222222222        0.0102522397773        11892 
47.8625       35.4580555556        0.012045331447        11896 
48.2020833333       -5.22444444444        0.0097908129774        11970 
48.6       -2.80027777778        0.0148189951133        12053 
49.0258333333       40.8047222222        0.00777711918885        12141 
49.2491666667       41.3563888889        0.0112413573774        12185 
49.2783333333       31.5886111111        0.0087260712512        12196 
49.6870833333       41.4883333333        0.00913731831945        12332 
49.8641666667       41.6352777778        0.0102522397773        12397 
49.9208333333       41.5488888889        0.0052579778812        12413 
49.925       0.565        0.00760009034315        12425 
49.925       40.465        0.0112413573774        12426 
49.9520833333       41.5125        0.0214199648993        12429 
49.9658333333       41.5736111111        0.00814364352425        12434 
49.9658333333       41.5736111111        0.00814364352425        12434 
49.9766666667       41.5638888889        0.0162487050305        12438 
50.0229166667       -66.7025        0.0104910451192        12457 
50.0266666667       41.63        0.0100188703085        12458 
50.0266666667       41.63        0.0100188703085        12458 
50.0645833333       41.3983333333        0.00742709116595        12478 
50.075       -2.09694444444        0.00617758535655        12491 
50.17875       -1.10888888889        0.0117711462287        12531 
50.17875       -1.0025        0.0117711462287        12533 
50.17875       -1.0025        0.0117711462287        12533 
50.17875       -1.05416666667        0.0117711462287        12538 
50.17875       -1.05416666667        0.0117711462287        12538 
50.17875       -1.05416666667        0.0117711462287        12538 
50.19       -1.045        0.00814364352425        12539 
50.19       -1.045        0.00814364352425        12539 
50.19       -1.045        0.00814364352425        12539 
50.19       -1.045        0.00814364352425        12539 
50.35       40.8002777778        0.0144816736019        12585 
50.4170833333       41.3605555556        0.0135150841717        12600 
50.4808333333       -13.6486111111        0.00935015380455        12614 
51.2016666667       -21.3377777778        0.0182313469027        12754 
51.24375       -37.0097222222        0.0104910451192        12769 
51.3266666667       -36.3833333333        0.0309612691533        12788 
51.4970833333       40.7891666667        0.0129068051834        12819 
51.5       42.0425        0.0112413573774        12828 
51.5720833333       -21.3358333333        0.0331755976125        12838 
51.6179166667       -21.3561111111        0.00760009034315        12846 
51.6179166667       -21.3561111111        0.00760009034315        12846 
52.225       40.045        0.0109854728433        12955 
52.4916666667       -28.7816666667        0.0100188703085        13007 
52.5554166667       -5.54277777778        0.0085274416194        13009 
53.05       0.251111111111        0.0057652581025        13119 
53.4270833333       -35.8552777778        0.0100188703085        13186 
53.46125       -21.455        0.012045331447        13194 
53.7770833333       -55.0930555556        0.00661940196925        13259 
53.8195833333       -35.2263888889        0.0199902743651        13267 
54.7154166667       -35.5933333333        0.0269661381314        13433 
54.72375       -18.3547222222        0.0089293275615        13436 
54.8316666667       -35.7238888889        0.00935015380455        13452 
54.8316666667       -35.7238888889        0.00935015380455        13452 
55.2616666667       -22.7186111111        0.0109854728433        13548 
55.295       -1.29916666667        0.0107354129523        13556 
55.5670833333       -4.73083333333        0.0112413573774        13606 
55.8441666667       -53.6919444444        0.0079582715661        13679 
57.25       42.3483333333        0.0132074432969        13896 
58.3       34.9405555556        0.0102522397773        14032 
59.25       16.5102777778        0.00956794686495        14149 
59.8133333333       -45.8708333333        0.0182313469027        14225 
59.85       43.3041666667        0.0117711462287        14232 
60.1158333333       68.5777777778        0.0263523138875        14261 
60.2275       -67.6116666667        0.0151641738521        14279 
60.5295833333       23.1330555556        0.0170144829063        14331 
60.825       71.7177777778        0.0085274416194        14370 
61.0125       -54.1027777778        0.0437339551083        14397 
61.1325       -47.9747222222        0.00833333335        14413 
61.3791666667       4.44694444444        0.00833333335        14449 
62.1       69.6805555556        0.0132074432969        14531 
62.2583333333       -56.0130555556        0.00742709116595        14560 
63.24875       -32.5519444444        0.0107354129523        14670 
63.375       27.5947222222        0.00833333335        14688 
64.0433333333       -55.7808333333        0.0347391153586        14765 
64.325       2.43333333333        0.0097908129774        14804 
64.86375       -26.7322222222        0.0072580299308        14874 
65.28625       -48.2544444444        0.0109854728433        14934 
66.8158333333       -10.3061111111        0.0166271859914        15136 
66.8279166667       -10.3263888889        0.0089293275615        15141 
66.8279166667       -10.3263888889        0.0089293275615        15141 
66.97375       -55.0572222222        0.0162487050305        15168 
67.14125       -47.7811111111        0.012045331447        15204 
67.35       70.4225        0.0104910451192        15263 
67.6825       0.665277777778        0.0104910451192        15340 
67.775       0.844444444444        0.0112413573774        15369 
68.01375       -5.03277777778        0.00363763194261        15443 
69.0916666667       -2.79972222222        0.00742709116595        15624 
69.15       71.5611111111        0.013829890923        15639 
69.2766666667       -3.30444444444        0.0178163507815        15654 
70.04125       7.33833333333        0.00398858411066        15775 
71.0454166667       -41.4969444444        0.0087260712512        15908 
72.66625       -61.355        0.0097908129774        16143 
73.58       1.64027777778        0.00913731831945        16290 
73.7483333333       -37.26        0.00833333335        16320 
73.775       -12.1602777778        0.013829890923        16329 
74.2483333333       -4.75777777778        0.0072580299308        16390 
62.7108333333       -29.9263888889        0.0102522397773        14607 
62.7520833333       -42.9516666667        0.00777711918885        14616 
62.7520833333       -31.4080555556        0.013829890923        14617 
62.75       83.4747222222        0.0089293275615        14618 
62.75375       26.6141666667        0.0117711462287        14619 
62.7541666667       -56.4869444444        0.0166271859914        14620 
62.7566666667       26.1586111111        0.00913731831945        14621 
62.79125       -53.6869444444        0.011503202228        14623 
62.8320833333       -16.23        0.012045331447        14626 
62.84875       26.8780555556        0.0135150841717        14627 
62.9541666667       6.45583333333        0.012045331447        14634 
62.9970833333       -32.8491666667        0.0107354129523        14635 
63.01375       -58.5563888889        0.0085274416194        14636 
63.0       27.9397222222        0.00935015380455        14637 
63.0229166667       -32.8744444444        0.104910451193        14638 
63.0229166667       -32.8744444444        0.104910451193        14638 
63.045       -48.4163888889        0.0097908129774        14643 
63.04625       -50.2630555556        0.00603696634605        14644 
63.0945833333       5.5475        0.00833333335        14651 
63.1       27.7141666667        0.0104910451192        14653 
63.1425       -54.1933333333        0.00833333335        14655 
63.1429166667       -32.8163888889        0.00833333335        14656 
63.1716666667       -23.16        0.0123259032594        14658 
63.18       -57.7372222222        0.0372236327537        14659 
63.2125       -33.0016666667        0.0141520304655        14664 
63.2191666667       2.36944444444        0.0190905638112        14665 
63.24375       -43.8138888889        0.0053804519194        14668 
63.24375       -53.9972222222        0.0053804519194        14669 
63.24875       -32.5519444444        0.0107354129523        14670 
63.24875       -32.5519444444        0.0107354129523        14670 
63.24875       -32.5519444444        0.0107354129523        14670 
63.24875       -53.4947222222        0.0107354129523        14672 
63.275       75.0113888889        0.00632147980455        14673 
63.29125       -34.4272222222        0.0097908129774        14674 
63.3033333333       13.4208333333        0.0174108011253        14678 
63.375       -61.8447222222        0.0089293275615        14686 
63.375       27.5447222222        0.0104910451192        14687 
63.375       27.5447222222        0.0104910451192        14687 
63.375       27.5947222222        0.00833333335        14688 
63.375       27.5947222222        0.00833333335        14688 
63.375       27.5947222222        0.00833333335        14688 
63.4108333333       25.4808333333        0.0263523138875        14693 
63.4208333333       -31.6461111111        0.0302565046247        14695 
63.46       -32.0061111111        0.00814364352425        14702 
63.45       31.4561111111        0.0117711462287        14703 
63.4833333333       -53.475        0.0089293275615        14704 
63.48625       29.1536111111        0.0123259032594        14705 
63.4920833333       -25.6047222222        0.00693136477305        14706 
63.4954166667       -38.0980555556        0.00632147980455        14707 
63.475       36.8480555556        0.0240335959074        14709 
63.5       -13.4147222222        0.0107354129523        14710 
63.5608333333       24.6588888889        0.0052579778812        14714 
63.5958333333       -62.8125        0.0087260712512        14717 
63.6       2.7125        0.0144816736019        14718 
63.63       -50.7938888889        0.0102522397773        14720 
63.6316666667       -6.64        0.0097908129774        14721 
63.6529166667       -56.0608333333        0.022951905907        14723 
63.675       35.1775        0.0126130104288        14725 
63.7425       -54.3377777778        0.00760009034315        14729 
63.7929166667       -28.4827777778        0.00632147980455        14734 
63.8241666667       -50.9463888889        0.00457950729131        14740 
63.825       0.963055555556        0.0117711462287        14744 
63.8841666667       -35.3430555556        0.00777711918885        14749 
63.875       0.493055555556        0.00913731831945        14751 
63.875       1.15972222222        0.00814364352425        14752 
63.905       -52.6036111111        0.00457950729131        14753 
63.9379166667       -55.5919444444        0.0389779285185        14757 
63.9379166667       -55.5919444444        0.0389779285185        14757 
63.9829166667       -57.6472222222        0.0089293275615        14761 
64.0204166667       8.17916666667        0.0097908129774        14762 
64.0204166667       -51.0291666667        0.0097908129774        14764 
64.0433333333       -55.7808333333        0.0347391153586        14765 
64.0433333333       -55.7808333333        0.0347391153586        14765 
64.0433333333       -55.7808333333        0.0347391153586        14765 
64.0529166667       -16.7505555556        0.013829890923        14768 
64.075       -15.1172222222        0.00935015380455        14772 
64.0983333333       -60.2061111111        0.0155173928366        14773 
64.1145833333       -35.7341666667        0.00760009034315        14774 
64.12625       -47.8494444444        0.00935015380455        14775 
64.1433333333       2.75944444444        0.0141520304655        14779 
64.16       -12.3988888889        0.0144816736019        14780 
64.1775       -12.2005555556        0.0132074432969        14782 
64.2270833333       3.09694444444        0.0104910451192        14790 
64.225       -7.46361111111        0.0144816736019        14791 
64.25125       0.834722222222        0.0097908129774        14792 
64.3016666667       -17.8563888889        0.0107354129523        14799 
64.3033333333       4.78333333333        0.012045331447        14800 
64.3033333333       10.455        0.012045331447        14801 
64.3145833333       -70.0244444444        0.00777711918885        14802 
64.3295833333       2.43333333333        0.0109854728433        14803 
64.3295833333       2.43333333333        0.0109854728433        14803 
64.325       2.43333333333        0.0097908129774        14804 
64.325       2.43333333333        0.0097908129774        14804 
64.325       2.43333333333        0.0097908129774        14804 
64.3554166667       2.37083333333        0.0144816736019        14807 
64.3979166667       -25.9419444444        0.00479533282074        14810 
64.4       36.2919444444        0.013829890923        14812 
64.4058333333       -62.7844444444        0.0288947375955        14814 
64.4395833333       -50.1641666667        0.0144816736019        14818 
64.425       1.5475        0.00490703047111        14819 
64.47       -63.6741666667        0.0100188703085        14822 
64.4758333333       -56.6177777778        0.00814364352425        14823 
64.4770833333       -55.9344444444        0.0245934102714        14824 
64.4770833333       -50.6677777778        0.0245934102714        14832 
64.6195833333       -60.6711111111        0.0151641738521        14833 
64.6258333333       33.7766666667        0.0132074432969        14834 
64.625       79.81        0.0132074432969        14836 
64.6675       2.56055555556        0.011503202228        14839 
64.7395833333       5.44444444444        0.0097908129774        14849 
64.7741666667       26.1775        0.0148189951133        14853 
64.7741666667       55.8813888889        0.0148189951133        14858 
64.8091666667       3.34805555556        0.0089293275615        14860 
64.8091666667       -11.7019444444        0.0089293275615        14863 
64.8375       2.59722222222        0.0100188703085        14865 
64.8425       -26.7955555556        0.0135150841717        14867 
64.8425       -26.7955555556        0.0135150841717        14867 
64.8441666667       -17.6155555556        0.00814364352425        14868 
64.8554166667       -50.8977777778        0.0087260712512        14871 
64.86375       -26.7322222222        0.0072580299308        14874 
64.86375       -26.7322222222        0.0072580299308        14874 
64.86375       -26.7322222222        0.0072580299308        14874 
64.9095833333       2.40972222222        0.0214199648993        14880 
64.97375       2.09527777778        0.0107354129523        14892 
65.0016666667       -54.9383333333        0.0693136477305        14897 
65.03625       -36.6863888889        0.0155173928366        14903 
65.0670833333       -45.0316666667        0.0204559076716        14906 
65.0733333333       -0.693055555556        0.0148189951133        14907 
65.08125       -22.6347222222        0.00468617771929        14909 
65.1095833333       -31.725        0.00913731831945        14910 
65.1179166667       -62.8708333333        0.0097908129774        14913 
65.125       -2.0375        0.005899548215        14914 
65.1704166667       -14.7827777778        0.0112413573774        14917 
65.22875       5.67277777778        0.0085274416194        14920 
65.2329166667       2.63305555556        0.012045331447        14923 
65.225       -4.73305555556        0.0100188703085        14926 
65.25       -45.0725        0.0107354129523        14927 
65.25       -2.28916666667        0.0087260712512        14929 
65.265       -48.3061111111        0.0104910451192        14931 
65.265       -48.3061111111        0.0104910451192        14931 
65.28625       -48.2544444444        0.0109854728433        14934 
65.28625       -48.2544444444        0.0109854728433        14934 
65.28625       -48.2544444444        0.0109854728433        14934 
65.3058333333       -21.8441666667        0.0479533282074        14936 
65.325       36.7775        0.0162487050305        14937 
65.36625       -55.9333333333        0.0097908129774        14943 
65.43625       -64.2238888889        0.00913731831945        14953 
65.44625       -53.3986111111        0.0087260712512        14955 
65.46375       -61.7805555556        0.0085274416194        14958 
65.475       36.1305555556        0.0186560095254        14959 
65.475       4.06388888889        0.00661940196925        14962 
65.4908333333       1.83916666667        0.0144816736019        14964 
65.49625       -56.9738888889        0.0275942601787        14965 
65.505       -10.1722222222        0.0129068051834        14969 
65.5366666667       -43.6288888889        0.0155173928366        14971 
65.55       -63.6111111111        0.0148189951133        14974 
65.59875       -56.2261111111        0.0085274416194        14980 
65.6179166667       -56.3361111111        0.0072580299308        14984 
65.6       27.3027777778        0.0126130104288        14986 
65.6       3.20277777778        0.0126130104288        14992 
65.6775       -40.5994444444        0.0204559076716        14993 
65.80125       5.57472222222        0.0107354129523        15009 
65.86875       75.2972222222        0.0437339551083        15018 
65.8854166667       -54.7338888889        0.00646872598485        15019 
65.945       -51.5991666667        0.0102522397773        15025 
65.975       -0.849166666667        0.00935015380455        15027 
66.0079166667       -9.39583333333        0.0117711462287        15029 
66.05       30.9125        0.0112413573774        15031 
66.0766666667       -27.9441666667        0.0129068051834        15033 
66.0875       -47.5247222222        0.0158788393481        15035 
66.1091666667       -23.5011111111        0.00437339551083        15040 
66.1058333333       -0.746388888889        0.00935015380455        15042 
66.1279166667       10.8883333333        0.0107354129523        15044 
66.14375       33.8755555556        0.0178163507815        15047 
66.1458333333       -57.9802777778        0.0117711462287        15048 
66.15125       9.69277777778        0.0100188703085        15049 
66.16125       -0.759444444444        0.00112413573774        15051 
66.15       -21.1761111111        0.0166271859914        15053 
66.1666666667       7.21833333333        0.0151641738521        15054 
66.19       -54.9419444444        0.0132074432969        15055 
66.2       -1.04194444444        0.011503202228        15057 
66.2525       -29.235        0.00742709116595        15058 
66.2575       7.17305555556        0.011503202228        15059 
66.275       3.02305555556        0.0085274416194        15062 
66.2791666667       -26.7002777778        0.0097908129774        15064 
66.4508333333       -67.8136111111        0.0129068051834        15078 
66.46375       -8.56083333333        0.0107354129523        15081 
66.5783333333       -3.62083333333        0.0087260712512        15089 
66.5816666667       -49.2319444444        0.00760009034315        15091 
66.6045833333       -40.6536111111        0.00833333335        15095 
66.6279166667       -42.4402777778        0.0085274416194        15098 
66.6408333333       -53.1872222222        0.0097908129774        15102 
66.625       66.3205555556        0.011503202228        15103 
66.6558333333       -42.0919444444        0.0100188703085        15106 
66.65625       -34.5636111111        0.0072580299308        15107 
66.675       20.4136111111        0.0155173928366        15109 
66.675       40.4736111111        0.0155173928366        15111 
66.7       29.9569444444        0.0117711462287        15112 
66.725       1.69027777778        0.00913731831945        15113 
66.7704166667       -6.16527777778        0.0112413573774        15123 
66.8158333333       32.6244444444        0.0166271859914        15134 
66.8158333333       -10.3180555556        0.0166271859914        15135 
66.8158333333       -10.3180555556        0.0166271859914        15135 
66.8158333333       -10.3180555556        0.0166271859914        15135 
66.8158333333       -10.3061111111        0.0166271859914        15136 
66.8158333333       -10.3061111111        0.0166271859914        15136 
66.8158333333       -10.3061111111        0.0166271859914        15136 
66.8158333333       -10.3061111111        0.0166271859914        15136 
66.8279166667       2.37666666667        0.0089293275615        15137 
66.8279166667       -10.3263888889        0.0089293275615        15141 
66.8279166667       -10.3263888889        0.0089293275615        15141 
66.8279166667       -10.3263888889        0.0089293275615        15141 
66.8279166667       -10.3263888889        0.0089293275615        15141 
66.8279166667       -10.3263888889        0.0089293275615        15141 
66.875       30.9472222222        0.0100188703085        15147 
66.8758333333       -83.5511111111        0.011503202228        15148 
66.8854166667       -54.1966666667        0.0085274416194        15149 
66.8879166667       -42.1647222222        0.00956794686495        15150 
66.9075       -55.0269444444        0.025166264387        15153 
66.9075       -55.0269444444        0.025166264387        15153 
66.925       70.8936111111        0.011503202228        15157 
66.9329166667       -33.6216666667        0.00661940196925        15160 
66.9416666667       -62.5922222222        0.0126130104288        15163 
66.97375       -55.0572222222        0.0162487050305        15168 
66.97375       -55.0572222222        0.0162487050305        15168 
66.97375       -55.0572222222        0.0162487050305        15168 
66.97875       -29.5455555556        0.00913731831945        15169 
66.99875       -47.9102777778        0.0178163507815        15172 
66.99875       -42.8386111111        0.0102522397773        15173 
67.02       -14.7636111111        0.0107354129523        15175 
67.025       21.6636111111        0.0102522397773        15179 
67.0429166667       -17.5233333333        0.00677358764825        15180 
67.025       1.04        0.0129068051834        15181 
67.07625       -40.4705555556        0.00956794686495        15188 
67.0908333333       -47.8158333333        0.0100188703085        15195 
67.0908333333       -47.8158333333        0.0100188703085        15195 
67.1083333333       39.6244444444        0.0199902743651        15197 
67.1283333333       -53.7361111111        0.0102522397773        15200 
67.1425       11.0486111111        0.0141520304655        15203 
67.14125       -47.7811111111        0.012045331447        15204 
67.14125       -47.7811111111        0.012045331447        15204 
67.14125       -47.7811111111        0.012045331447        15204 
67.14125       -53.4097222222        0.012045331447        15205 
67.175       69.5930555556        0.00372236327537        15211 
67.175       70.3430555556        0.0204559076716        15212 
67.175       70.3430555556        0.0204559076716        15212 
67.18875       -12.5088888889        0.0126130104288        15214 
67.20625       -44.8630555556        0.0087260712512        15219 
67.2070833333       -46.9647222222        0.0056340248062        15220 
67.225       70.9313888889        0.011503202228        15225 
67.2545833333       -53.6133333333        0.00956794686495        15231 
67.2770833333       -37.4797222222        0.00661940196925        15237 
67.2808333333       -53.8266666667        0.0104910451192        15239 
67.2808333333       -53.4916666667        0.0104910451192        15250 
67.325       69.525        0.0151641738521        15254 
67.325       -4.75833333333        0.0129068051834        15259 
67.34625       -62.8891666667        0.00956794686495        15261 
67.35       70.4225        0.0104910451192        15263 
67.35       70.4225        0.0104910451192        15263 
67.35       70.4225        0.0104910451192        15263 
67.35       -53.6058333333        0.0104910451192        15272 
67.37       -36.7069444444        0.0109854728433        15273 
67.3779166667       -26.7133333333        0.0100188703085        15276 
67.38625       -41.7752777778        0.0100188703085        15278 
67.38625       -53.7419444444        0.0100188703085        15279 
67.3958333333       0.769166666667        0.0112413573774        15283 
67.42       -27.4086111111        0.011503202228        15292 
67.42625       3.68055555556        0.025166264387        15294 
67.4558333333       -53.8141666667        0.00814364352425        15301 
67.4979166667       -26.8355555556        0.00603696634605        15311 
67.4979166667       -51.6983333333        0.00603696634605        15315 
67.5408333333       -42.6811111111        0.012045331447        15318 
67.5445833333       6.93888888889        0.0199902743651        15319 
67.5883333333       -36.6427777778        0.013829890923        15321 
67.6541666667       -58.4619444444        0.0070928169992        15330 
67.65875       -0.304444444444        0.0148189951133        15331 
67.665       0.661944444444        0.0148189951133        15332 
67.665       0.661944444444        0.0148189951133        15332 
67.6783333333       -4.87166666667        0.0104910451192        15335 
67.6820833333       -53.9802777778        0.0087260712512        15339 
67.6825       0.665277777778        0.0104910451192        15340 
67.6825       0.665277777778        0.0104910451192        15340 
67.6825       0.665277777778        0.0104910451192        15340 
67.69125       0.863888888889        0.0282370130681        15342 
67.69125       0.863888888889        0.0282370130681        15342 
67.695       -43.6583333333        0.0100188703085        15343 
67.7095833333       64.8463888889        0.0479533282074        15345 
67.7154166667       -5.79861111111        0.0148189951133        15348 
67.7175       -16.3066666667        0.0097908129774        15349 
67.74125       5.54027777778        0.0141520304655        15355 
67.74875       -2.00333333333        0.0117711462287        15356 
67.755       8.08583333333        0.0112413573774        15358 
67.775       -3.4025        0.00833333335        15364 
67.7854166667       -63.3227777778        0.0100188703085        15367 
67.7925       7.62777777778        0.00814364352425        15368 
67.775       0.844444444444        0.0112413573774        15369 
67.775       0.844444444444        0.0112413573774        15369 
67.775       0.844444444444        0.0112413573774        15369 
67.80375       -61.4527777778        0.00632147980455        15373 
67.80375       -61.5027777778        0.00632147980455        15379 
67.8433333333       6.63972222222        0.0085274416194        15386 
67.8491666667       -3.92555555556        0.0117711462287        15387 
67.8508333333       -54.4177777778        0.0158788393481        15388 
67.8595833333       8.16        0.00935015380455        15389 
67.8766666667       -52.0344444444        0.00742709116595        15390 
67.9116666667       -4.58916666667        0.0072580299308        15403 
67.915       -54.6013888889        0.0355482933045        15405 
67.91625       -5.08777777778        0.0190905638112        15406 
67.91625       -5.08777777778        0.0190905638112        15406 
67.9245833333       -5.06194444444        0.00468617771929        15413 
67.925       8.44527777778        0.00956794686495        15414 
67.925       -12.6619444444        0.00913731831945        15417 
67.95875       -5.09583333333        0.00603696634605        15424 
67.9866666667       1.19638888889        0.0162487050305        15429 
68.0       2.37972222222        0.0089293275615        15436 
68.0       63.6130555556        0.0282370130681        15439 
68.01375       -5.03277777778        0.00363763194261        15443 
68.01375       -5.03277777778        0.00363763194261        15443 
68.01375       -5.03277777778        0.00363763194261        15443 
68.02625       0.566944444444        0.0123259032594        15447 
68.0483333333       -28.8613888889        0.0089293275615        15451 
68.0654166667       -49.6752777778        0.0219188999763        15455 
68.075       1.72527777778        0.0117711462287        15458 
68.0929166667       33.2183333333        0.0190905638112        15461 
68.1425       -62.8627777778        0.0102522397773        15475 
68.1620833333       -33.4136111111        0.00833333335        15477 
68.1729166667       -43.7155555556        0.0151641738521        15479 
68.1879166667       -4.37388888889        0.0087260712512        15480 
68.2020833333       10.39        0.0174108011253        15481 
68.2       -12.7566666667        0.00913731831945        15484 
68.2075       -50.7725        0.00417656028858        15485 
68.2083333333       -75.5408333333        0.0097908129774        15487 
68.2083333333       71.8811111111        0.0956794686495        15488 
68.2083333333       71.8811111111        0.0956794686495        15488 
68.2       0.547777777778        0.0079582715661        15491 
68.225       -4.20083333333        0.0135150841717        15495 
68.2754166667       -4.29805555556        0.0135150841717        15501 
68.295       5.35527777778        0.00742709116595        15504 
68.305       -4.17305555556        0.0102522397773        15507 
68.3       76.5563888889        0.0100188703085        15509 
68.3445833333       7.70611111111        0.0112413573774        15512 
68.345       -18.6777777778        0.0109854728433        15517 
68.3558333333       -4.26611111111        0.0087260712512        15518 
68.4079166667       -13.2630555556        0.0166271859914        15524 
68.44625       1.09944444444        0.011503202228        15531 
68.45       16.9161111111        0.0117711462287        15533 
68.4675       -11.7047222222        0.0263523138875        15534 
68.4729166667       -65.7033333333        0.0102522397773        15535 
68.4995833333       -8.575        0.011503202228        15538 
68.575       73.1916666667        0.0112413573774        15548 
68.575       8.14416666667        0.0112413573774        15556 
68.575       -30.545        0.0112413573774        15559 
68.7595833333       73.2633333333        0.0170144829063        15570 
68.7616666667       -14.2325        0.0112413573774        15573 
68.77125       7.98861111111        0.00956794686495        15574 
68.775       -13.2219444444        0.00814364352425        15576 
68.80125       -54.2052777778        0.0109854728433        15578 
68.8       -1.72194444444        0.00295677824952        15579 
68.875       19.1719444444        0.0129068051834        15592 
68.9191666667       -21.9886111111        0.0135150841717        15597 
68.925       88.7386111111        0.0100188703085        15599 
68.95       2.25527777778        0.0104910451192        15600 
68.975       72.9386111111        0.012045331447        15604 
69.0075       19.9508333333        0.0166271859914        15608 
69.0279166667       -3.14916666667        0.0199902743651        15611 
69.0779166667       -2.83194444444        0.00956794686495        15620 
69.0779166667       -2.83194444444        0.00956794686495        15620 
69.0866666667       -65.1422222222        0.0104910451192        15622 
69.0916666667       -10.3772222222        0.00742709116595        15623 
69.0916666667       -2.79972222222        0.00742709116595        15624 
69.0916666667       -2.79972222222        0.00742709116595        15624 
69.0916666667       -2.79972222222        0.00742709116595        15624 
69.1025       -9.51416666667        0.0129068051834        15625 
69.1041666667       -4.98777777778        0.0100188703085        15626 
69.1       14.3377777778        0.0135150841717        15627 
69.1266666667       -2.86666666667        0.00935015380455        15631 
69.1529166667       -3.18944444444        0.0309612691533        15635 
69.1529166667       -3.18944444444        0.0309612691533        15635 
69.15       -2.28944444444        0.00833333335        15637 
69.15625       -0.144444444444        0.025166264387        15638 
69.15       71.5611111111        0.013829890923        15639 
69.15       71.5611111111        0.013829890923        15639 
69.15       71.5611111111        0.013829890923        15639 
69.2166666667       -48.5472222222        0.00646872598485        15647 
69.23875       -52.1755555556        0.0102522397773        15650 
69.23875       43.9255555556        0.0102522397773        15652 
69.2766666667       -3.30444444444        0.0178163507815        15654 
69.2766666667       -3.30444444444        0.0178163507815        15654 
69.2766666667       -3.30444444444        0.0178163507815        15654 
69.2825       -2.30361111111        0.0190905638112        15655 
69.2970833333       -1.85305555556        0.0117711462287        15656 
69.3141666667       -18.9022222222        0.0056340248062        15659 
69.3254166667       -62.5830555556        0.0112413573774        15660 
69.32625       -55.9227777778        0.0100188703085        15661 
69.33625       -69.2036111111        0.0129068051834        15665 
69.33625       -48.2358333333        0.0107354129523        15666 
69.3425       9.54611111111        0.00956794686495        15668 
69.375       -0.312777777778        0.0087260712512        15673 
69.40125       -4.71722222222        0.0155173928366        15674 
69.4083333333       -4.88916666667        0.0135150841717        15675 
69.4420833333       -47.2530555556        0.0072580299308        15684 
69.4470833333       -51.4233333333        0.0109854728433        15686 
69.4820833333       -9.51916666667        0.0195352401668        15691 
69.5       72.3191666667        0.013829890923        15693 
69.5225       8.88888888889        0.0109854728433        15695 
69.5       -0.955555555556        0.0085274416194        15697 
69.5       48.6888888889        0.0085274416194        15704 
69.6008333333       -20.6483333333        0.0117711462287        15705 
69.6       65.3316666667        0.0123259032594        15707 
69.6       44.0483333333        0.0123259032594        15708 
69.65875       -61.8527777778        0.0100188703085        15713 
69.65875       0.190555555556        0.0100188703085        15714 
69.65875       11.2402777778        0.0100188703085        15715 
69.7091666667       2.84472222222        0.0162487050305        15719 
69.7104166667       -52.6844444444        0.00935015380455        15720 
69.7245833333       -64.2083333333        0.013829890923        15722 
69.725       18.8416666667        0.0166271859914        15723 
69.7291666667       -52.8627777778        0.00814364352425        15724 
69.725       5.61277777778        0.0107354129523        15726 
69.7516666667       -63.04        0.00956794686495        15727 
69.775       11.5233333333        0.0109854728433        15731 
69.8279166667       -54.21        0.00913731831945        15736 
69.8420833333       -52.1316666667        0.011503202228        15739 
69.88125       -7.09805555556        0.00935015380455        15746 
69.9058333333       -53.0119444444        0.0162487050305        15749 
69.9179166667       -13.2502777778        0.013829890923        15754 
69.925       3.00027777778        0.0123259032594        15755 
69.94125       -41.2702777778        0.0135150841717        15757 
69.95       -76.8372222222        0.0166271859914        15758 
69.9633333333       7.05416666667        0.0199902743651        15760 
69.99375       -8.91722222222        0.00935015380455        15767 
70.0341666667       -0.547777777778        0.012045331447        15773 
70.04       7.35222222222        0.00935015380455        15774 
70.04       7.35222222222        0.00935015380455        15774 
70.04125       7.33833333333        0.00398858411066        15775 
70.04125       7.33833333333        0.00398858411066        15775 
70.04125       7.33833333333        0.00398858411066        15775 
70.06       -24.3188888889        0.0097908129774        15780 
70.0716666667       -58.7463888889        0.0079582715661        15782 
70.0958333333       40.2563888889        0.0195352401668        15788 
70.10625       -2.025        0.0170144829063        15789 
70.11125       -63.1066666667        0.0155173928366        15790 
70.11125       -44.6327777778        0.0126130104288        15791 
70.125       66.6494444444        0.0209323869711        15793 
70.1395833333       4.19555555556        0.00935015380455        15795 
70.1616666667       17.1408333333        0.0257524619891        15799 
70.1679166667       -8.60777777778        0.0104910451192        15800 
70.1758333333       -34.7611111111        0.0097908129774        15801 
70.18375       -52.7566666667        0.013829890923        15802 
70.2425       -8.70972222222        0.0123259032594        15808 
70.275       73.6763888889        0.0199902743651        15810 
70.3675       -2.85833333333        0.0339483565515        15821 
70.4008333333       -1.80888888889        0.0166271859914        15824 
70.4258333333       -8.70472222222        0.0123259032594        15828 
70.4345833333       -49.0277777778        0.0104910451192        15830 
70.4341666667       -7.08694444444        0.013829890923        15831 
70.4495833333       -1.30027777778        0.0112413573774        15833 
70.45       1.05027777778        0.00913731831945        15836 
70.475       79.9669444444        0.0097908129774        15838 
70.49875       -7.31194444444        0.0123259032594        15840 
70.51125       -44.5794444444        0.00956794686495        15842 
70.51625       -7.20694444444        0.00814364352425        15844 
70.525       20.0402777778        0.0174108011253        15846 
70.5475       -62.9136111111        0.0107354129523        15849 
70.56       -20.4352777778        0.0219188999763        15850 
70.6125       -17.4547222222        0.0112413573774        15857 
70.6195833333       -21.6913888889        0.0123259032594        15858 
70.625       69.2080555556        0.00935015380455        15862 
70.7270833333       0.619722222222        0.0162487050305        15867 
70.73875       -8.09111111111        0.0166271859914        15869 
70.7454166667       -12.7711111111        0.0135150841717        15870 
70.7541666667       -65.8147222222        0.00632147980455        15871 
70.7658333333       -67.9266666667        0.0104910451192        15872 
70.8883333333       -54.1780555556        0.00913731831945        15882 
70.9029166667       -44.9747222222        0.0102522397773        15887 
70.9333333333       -5.31944444444        0.00935015380455        15891 
70.925       40.1194444444        0.0309612691533        15892 
70.975       28.9861111111        0.0117711462287        15897 
71.0041666667       -41.4633333333        0.012045331447        15899 
71.0041666667       -41.4633333333        0.012045331447        15899 
71.0258333333       -5.46638888889        0.0178163507815        15903 
71.0454166667       -41.4969444444        0.0087260712512        15908 
71.0454166667       -41.4969444444        0.0087260712512        15908 
71.0454166667       -41.4969444444        0.0087260712512        15908 
71.0529166667       0.350833333333        0.0132074432969        15910 
71.1208333333       75.6405555556        0.022951905907        15917 
71.125       72.8072222222        0.0107354129523        15919 
71.175       -2.84055555556        0.0112413573774        15921 
71.225       -8.14055555556        0.012045331447        15923 
71.2816666667       -41.5780555556        0.00693136477305        15929 
71.29875       -15.8722222222        0.0170144829063        15931 
71.3       -2.82222222222        0.0129068051834        15932 
71.3       40.8244444444        0.0129068051834        15935 
71.4258333333       -59.2491666667        0.055057787444        15941 
71.4483333333       -2.39138888889        0.0129068051834        15942 
71.4541666667       -2.08277777778        0.00646872598485        15943 
71.4725       -5.13694444444        0.012045331447        15949 
71.4741666667       -17.2794444444        0.0155173928366        15950 
71.5195833333       -22.3655555556        0.0109854728433        15956 
71.525       -44.7325        0.012045331447        15957 
71.5308333333       -2.07666666667        0.0104910451192        15958 
71.6066666667       0.366388888889        0.0085274416194        15965 
71.57       -57.3430555556        0.0132074432969        15966 
71.575       76.4263888889        0.0331755976125        15967 
71.59       -13.35        0.012045331447        15970 
71.575       -3.85        0.0170144829063        15971 
71.6       3.5        0.0141520304655        15973 
71.6       18.45        0.0158788393481        15975 
71.6229166667       -56.61        0.00437339551083        15976 
71.625       -4.78916666667        0.0141520304655        15977 
71.6354166667       -7.23555555556        0.0129068051834        15978 
71.6554166667       0.6225        0.0104910451192        15982 
71.6791666667       -62.4655555556        0.0102522397773        15984 
71.6916666667       -63.0305555556        0.0123259032594        15985 
71.675       70.1305555556        0.0166271859914        15986 
71.7       -6.24722222222        0.0117711462287        15989 
71.725       8.31388888889        0.0109854728433        15992 
71.745       -35.9166666667        0.013829890923        15996 
71.75       0.0666666666667        0.0129068051834        15998 
71.775       -50.0505555556        0.00935015380455        15999 
71.7833333333       -2.05361111111        0.012045331447        16000 
71.775       66.0536111111        0.0182313469027        16001 
71.8366666667       -10.2386111111        0.00913731831945        16006 
71.85       23.9719444444        0.0309612691533        16009 
71.8775       -17.5972222222        0.0097908129774        16011 
71.875       -2.31388888889        0.0085274416194        16012 
71.8845833333       -62.3780555556        0.0104910451192        16013 
71.89625       -50.7536111111        0.00777711918885        16015 
71.9       -1.15361111111        0.00814364352425        16017 
71.9370833333       1.8175        0.0097908129774        16021 
71.9370833333       9.59722222222        0.0107354129523        16022 
71.9583333333       -62.6116666667        0.0129068051834        16026 
71.95       72.8616666667        0.011503202228        16027 
71.975       74.9283333333        0.0182313469027        16030 
72.0       8.77833333333        0.0148189951133        16033 
72.0116666667       -25.2294444444        0.0144816736019        16036 
72.0529166667       -13.6675        0.0132074432969        16040 
72.0716666667       -5.42777777778        0.013829890923        16044 
72.0795833333       -81.6836111111        0.0100188703085        16046 
72.075       0.216944444444        0.0053804519194        16049 
72.0975       -59.8005555556        0.0199902743651        16050 
72.1       -54.8783333333        0.0089293275615        16051 
72.1       73.4783333333        0.0151641738521        16052 
72.12375       -1.53833333333        0.00742709116595        16054 
72.125       8.055        0.00833333335        16055 
72.1370833333       -6.57055555556        0.0117711462287        16057 
72.14       -47.8172222222        0.0100188703085        16058 
72.125       0.233888888889        0.0148189951133        16059 
72.1433333333       -3.86722222222        0.0089293275615        16060 
72.1541666667       -6.32027777778        0.0155173928366        16062 
72.1779166667       -4.9775        0.011503202228        16065 
72.19125       -5.12555555556        0.0117711462287        16067 
72.2191666667       -54.7116666667        0.0109854728433        16068 
72.2325       -23.7288888889        0.0109854728433        16071 
72.2383333333       -57.6594444444        0.0089293275615        16072 
72.2408333333       -32.1255555556        0.0085274416194        16073 
72.3008333333       -29.2075        0.0224294567442        16084 
72.3008333333       56.7008333333        0.0224294567442        16089 
72.325       -12.7341666667        0.0144816736019        16090 
72.35       63.9175        0.0174108011253        16092 
72.3908333333       0.253888888889        0.00956794686495        16095 
72.375       69.4872222222        0.0148189951133        16096 
72.4029166667       -7.86083333333        0.0089293275615        16097 
72.4054166667       -53.9119444444        0.012045331447        16098 
72.4154166667       -17.4877777778        0.00742709116595        16101 
72.4179166667       -42.0616666667        0.0089293275615        16102 
72.4       82.6616666667        0.0123259032594        16105 
72.4275       -2.76083333333        0.0162487050305        16107 
72.4279166667       -10.7072222222        0.00935015380455        16108 
72.4358333333       3.33416666667        0.00935015380455        16109 
72.45       72.9675        0.0085274416194        16110 
72.4558333333       21.6836111111        0.0166271859914        16111 
72.4633333333       -52.9936111111        0.00833333335        16115 
72.46375       -36.1033333333        0.0126130104288        16116 
72.4729166667       -41.9436111111        0.00677358764825        16117 
72.4745833333       -10.755        0.0097908129774        16118 
72.4791666667       -31.9666666667        0.0224294567442        16120 
72.49125       -18.085        0.00833333335        16121 
72.5420833333       -39.7952777778        0.0100188703085        16126 
72.5570833333       -17.2666666667        0.0170144829063        16128 
72.5766666667       -61.2480555556        0.0087260712512        16130 
72.5979166667       -5.08027777778        0.00956794686495        16134 
72.6125       -61.3447222222        0.0112413573774        16136 
72.6125       -61.3447222222        0.0112413573774        16136 
72.62125       -3.52083333333        0.0097908129774        16138 
72.6566666667       6.00944444444        0.0195352401668        16141 
72.66125       -3.14166666667        0.0087260712512        16142 
72.66625       -61.355        0.0097908129774        16143 
72.66625       -61.355        0.0097908129774        16143 
72.66625       -61.355        0.0097908129774        16143 
72.6858333333       -5.41888888889        0.0178163507815        16144 
72.7166666667       -4.8925        0.00760009034315        16146 
72.7208333333       -44.9730555556        0.0052579778812        16147 
72.7379166667       -55.5316666667        0.00956794686495        16151 
72.775       2.38166666667        0.00760009034315        16154 
72.7770833333       -39.86        0.0087260712512        16155 
72.8       -13.8433333333        0.011503202228        16159 
72.82625       -5.96194444444        0.012045331447        16163 
72.83125       23.2080555556        0.0126130104288        16164 
72.8358333333       -17.5033333333        0.00935015380455        16165 
72.8408333333       -33.9386111111        0.0104910451192        16166 
72.8475       -59.2341666667        0.0087260712512        16167 
72.8608333333       -3.12222222222        0.0141520304655        16168 
72.8720833333       -61.6508333333        0.0190905638112        16172 
72.8720833333       5.7175        0.0190905638112        16176 
72.875       67.2008333333        0.0158788393481        16178 
72.8979166667       -2.62333333333        0.0087260712512        16179 
72.9016666667       -2.56027777778        0.00468617771929        16180 
72.9229166667       -3.80972222222        0.0107354129523        16185 
72.9245833333       5.50305555556        0.0123259032594        16186 
72.9254166667       -6.23027777778        0.013829890923        16187 
72.9379166667       6.8575        0.0126130104288        16189 
72.9445833333       3.67        0.013829890923        16191 
72.9491666667       -57.1461111111        0.00956794686495        16192 
72.9554166667       8.84388888889        0.00956794686495        16193 
72.95875       -48.2841666667        0.00693136477305        16194 
72.9591666667       -5.80361111111        0.0109854728433        16195 
72.97875       -4.95277777778        0.0123259032594        16197 
72.9916666667       -33.1775        0.0245934102714        16199 
73.025       -28.5925        0.0102522397773        16201 
73.025       49.5441666667        0.0102522397773        16210 
73.1045833333       -3.56583333333        0.013829890923        16215 
73.1       74.4991666667        0.0135150841717        16216 
73.1295833333       -3.10638888889        0.0190905638112        16219 
73.13       -62.9855555556        0.011503202228        16220 
73.1425       -2.94944444444        0.0104910451192        16222 
73.15625       -59.8688888889        0.0085274416194        16224 
73.175       4.38555555556        0.0112413573774        16227 
73.2058333333       1.25916666667        0.00646872598485        16232 
73.2166666667       -59.7425        0.0245934102714        16234 
73.2191666667       -25.2466666667        0.0324204288143        16236 
73.2195833333       3.05666666667        0.0132074432969        16237 
73.2266666667       -15.3477777778        0.0141520304655        16239 
73.225       -5.54777777778        0.0144816736019        16241 
73.2454166667       1.33083333333        0.0141520304655        16242 
73.275       4.38083333333        0.0104910451192        16248 
73.2925       -56.7244444444        0.00677358764825        16250 
73.3229166667       -3.00972222222        0.011503202228        16256 
73.3275       -70.5986111111        0.0195352401668        16258 
73.3916666667       -17.9225        0.0089293275615        16265 
73.425       64.4725        0.0132074432969        16271 
73.4545833333       -32.4397222222        0.00935015380455        16273 
73.5295833333       72.3244444444        0.0135150841717        16280 
73.5566666667       -53.3622222222        0.0158788393481        16282 
73.55875       -43.8736111111        0.00913731831945        16283 
73.55       -5.62361111111        0.0174108011253        16284 
73.565       -11.7733333333        0.0117711462287        16285 
73.575       2.12333333333        0.0097908129774        16286 
73.5691666667       1.6675        0.00646872598485        16289 
73.5691666667       1.6675        0.00646872598485        16289 
73.58       1.64027777778        0.00913731831945        16290 
73.58       1.64027777778        0.00913731831945        16290 
73.58       1.64027777778        0.00913731831945        16290 
73.625       -1.37361111111        0.00380906825441        16296 
73.66       3.26833333333        0.0144816736019        16300 
73.65       69.7183333333        0.0178163507815        16301 
73.6641666667       -12.2036111111        0.0178163507815        16302 
73.6695833333       -28.6572222222        0.0087260712512        16305 
73.6704166667       -56.4988888889        0.0141520304655        16306 
73.67875       -62.7997222222        0.0240335959074        16309 
73.7158333333       -18.1138888889        0.0170144829063        16315 
73.7204166667       -37.3208333333        0.0148189951133        16317 
73.7204166667       -37.3208333333        0.0148189951133        16317 
73.7320833333       -61.5644444444        0.0141520304655        16318 
73.7483333333       -37.26        0.00833333335        16320 
73.7483333333       -37.26        0.00833333335        16320 
73.7483333333       -37.26        0.00833333335        16320 
73.76375       -4.10138888889        0.0132074432969        16322 
73.77375       -10.6908333333        0.0245934102714        16324 
73.7783333333       -12.0936111111        0.0151641738521        16327 
73.7783333333       -12.0936111111        0.0151641738521        16327 
73.775       -12.1602777778        0.013829890923        16329 
73.775       -12.1602777778        0.013829890923        16329 
73.775       -12.1602777778        0.013829890923        16329 
73.8       -1.19361111111        0.00956794686495        16333 
73.8204166667       -22.7277777778        0.00913731831945        16334 
73.84875       -20.5713888889        0.0109854728433        16336 
73.875       -31.8116666667        0.0117711462287        16338 
73.9195833333       -56.2355555556        0.0112413573774        16344 
73.93       -14.9975        0.00935015380455        16347 
73.9395833333       -60.2075        0.0102522397773        16348 
73.925       67.7408333333        0.0097908129774        16349 
73.9620833333       -29.8836111111        0.0102522397773        16352 
73.9920833333       2.9375        0.0109854728433        16355 
73.9929166667       2.23472222222        0.0079582715661        16356 
74.0429166667       2.15583333333        0.0209323869711        16359 
74.0629166667       30.0516666667        0.0219188999763        16360 
74.05       1.585        0.0097908129774        16364 
74.08       -15.7986111111        0.0158788393481        16367 
74.075       0.715277777778        0.00490703047111        16368 
74.1104166667       3.03194444444        0.0123259032594        16369 
74.1220833333       -17.6675        0.0079582715661        16371 
74.14125       -28.5027777778        0.013829890923        16373 
74.1491666667       -18.8658333333        0.00833333335        16374 
74.15625       -10.22        0.0097908129774        16375 
74.1916666667       -10.5936111111        0.0186560095254        16379 
74.2       2.81027777778        0.00479533282074        16381 
74.2       -0.593611111111        0.00677358764825        16382 
74.2341666667       -4.8675        0.025166264387        16386 
74.2341666667       -4.8675        0.025166264387        16386 
74.2466666667       -42.8002777778        0.0109854728433        16389 
74.2483333333       -4.75777777778        0.0072580299308        16390 
74.2483333333       -4.75777777778        0.0072580299308        16390 
74.2483333333       -4.75777777778        0.0072580299308        16390 
74.2483333333       -0.841111111111        0.0072580299308        16392 
74.3170833333       -59.1208333333        0.012045331447        16395 
74.3204166667       -15.2905555556        0.0107354129523        16396 
74.3229166667       -75.4222222222        0.0135150841717        16397 
74.3445833333       1.89305555556        0.012045331447        16400 
74.34625       78.1891666667        0.0107354129523        16402 
74.3591666667       -51.3791666667        0.00661940196925        16403 
74.4520833333       -73.2325        0.00956794686495        16415 
74.475       2.9325        0.00777711918885        16419 
74.48625       -0.126666666667        0.0288947375955        16420 
74.475       64.9933333333        0.0132074432969        16421 
74.4945833333       68.3213888889        0.0204559076716        16423 
74.5383333333       -21.6177777778        0.00913731831945        16431 
74.5525       -7.78138888889        0.0109854728433        16433 
74.55375       -20.3644444444        0.0117711462287        16434 
74.565       -9.79277777778        0.0123259032594        16436 
74.5733333333       -33.8097222222        0.0100188703085        16438 
74.5808333333       0.741944444444        0.011503202228        16439 
74.60125       -62.0275        0.0097908129774        16444 
74.60125       -0.560833333333        0.0097908129774        16448 
74.625       -1.46083333333        0.0097908129774        16452 
74.6775       -55.8925        0.0087260712512        16461 
74.68375       -0.478333333333        0.00760009034315        16462 
74.675       -0.895        0.00814364352425        16464 
74.7270833333       -0.491111111111        0.0123259032594        16471 
74.7270833333       -0.491111111111        0.0123259032594        16471 
74.8583333333       -10.9811111111        0.0282370130681        16493 
74.8658333333       -11.1227777778        0.0174108011253        16495 
74.8658333333       -11.1227777778        0.0174108011253        16495 
75.3858333333       -4.25666666667        0.0132074432969        16571 
75.3858333333       -4.25777777778        0.0132074432969        16573 
75.3858333333       -4.25777777778        0.0132074432969        16573 
75.41       -4.25694444444        0.0126130104288        16574 
75.41       -4.25694444444        0.0126130104288        16574 
75.41       -4.25694444444        0.0126130104288        16574 
75.4333333333       -4.28888888889        0.00513829169245        16582 
75.4333333333       -4.28888888889        0.00513829169245        16582 
75.4333333333       -4.28888888889        0.00513829169245        16582 
75.4333333333       -4.28888888889        0.00513829169245        16582 
75.4483333333       -18.1669444444        0.0117711462287        16586 
75.6566666667       -8.30111111111        0.0107354129523        16607 
75.81875       -22.8322222222        0.0087260712512        16638 
76.39375       -49.5969444444        0.00603696634605        16720 
76.6091666667       -31.9544444444        0.0166271859914        16745 
76.655       -17.5561111111        0.0126130104288        16751 
76.9358333333       -7.96944444444        0.0087260712512        16783 
76.985       -61.1930555556        0.0070928169992        16789 
77.2220833333       -29.2522222222        0.0102522397773        16819 
79.425       0.223055555556        0.00363763194261        17060 
80.0895833333       -61.2966666667        0.0155173928366        17134 
80.225       3.23805555556        0.00513829169245        17152 
80.4529166667       6.67666666667        0.0257524619891        17176 
80.4945833333       3.48222222222        0.00833333335        17181 
80.6475       -11.4969444444        0.00632147980455        17196
--------------------
10.685     41.2688888889     3.40289658126      2557 
