0.0075     47.2744444444     0.0199902743651     2 
0.03625     -6.37472222222     0.0129068051834     12 
0.0075     47.2744444444     0.0199902743651     2 
0.03625     -6.37472222222     0.0129068051834     12 
0.0075     47.2744444444     0.0199902743651     2 
0.03625     -6.37472222222     0.0129068051834     12 
0.0075     47.2744444444     0.0199902743651     2 
0.03625     -6.37472222222     0.0129068051834     12 
0.0075     47.2744444444     0.0199902743651     2 
0.03625     -6.37472222222     0.0129068051834     12 
0.0075     47.2744444444     0.0199902743651     2 
0.03625     -6.37472222222     0.0129068051834     12 
0.0075     47.2744444444     0.0199902743651     2 
0.03625     -6.37472222222     0.0129068051834     12 
0.0075     47.2744444444     0.0199902743651     2 
0.0075     47.2744444444     0.0199902743651     2 
0.03625     -6.37472222222     0.0129068051834     12 
0.0075     47.2744444444     0.0199902743651     2 
0.03625     -6.37472222222     0.0129068051834     12 
0.0075     47.2744444444     0.0199902743651     2 
0.03625     -6.37472222222     0.0129068051834     12 
0.0075     47.2744444444     0.0199902743651     2 
0.03625     -6.37472222222     0.0129068051834     12 
0.0075     47.2744444444     0.0199902743651     2 
0.03625     -6.37472222222     0.0129068051834     12 
0.0075     47.2744444444     0.0199902743651     2 
0.03625     -6.37472222222     0.0129068051834     12 
0.0075     47.2744444444     0.0199902743651     2 
0.03625     -6.37472222222     0.0129068051834     12 
0.1     17.225     0.0144816736019     38 
0.1     7.84166666667     0.0070928169992     39 
0.120833333333     -40.4833333333     0.0162487050305     43 
0.0075     47.2744444444     0.0199902743651     2 
0.03625     -6.37472222222     0.0129068051834     12 
0.0075     47.2744444444     0.0199902743651     2 
0.03625     -6.37472222222     0.0129068051834     12 
0.306666666667     13.1438888889     0.00742709116595     89 
0.309583333333     34.6758333333     0.00935015380455     91 
0.3     6.32583333333     0.0089293275615     96 
0.324166666667     -53.0083333333     0.0112413573774     99 
0.306666666667     13.1438888889     0.00742709116595     89 
0.309583333333     34.6758333333     0.00935015380455     91 
0.3     6.32583333333     0.0089293275615     96 
0.324166666667     -53.0083333333     0.0112413573774     99 
0.306666666667     13.1438888889     0.00742709116595     89 
0.309583333333     34.6758333333     0.00935015380455     91 
0.3     6.32583333333     0.0089293275615     96 
0.324166666667     -53.0083333333     0.0112413573774     99 
0.333333333333     34.5258333333     0.0174108011253     102 
0.359166666667     13.1127777778     0.00661940196925     108 
0.375     9.00916666667     0.0079582715661     116 
0.400416666667     33.5625     0.00363763194261     119 
0.4     3.50611111111     0.0109854728433     124 
30.0     -0.282222222222     0.00913731831945     7574 
30.03875     12.655     0.0132074432969     7577 
30.0475     37.6036111111     0.0112413573774     7579 
30.0483333333     38.0208333333     0.0155173928366     7581 
30.0620833333     -83.9880555556     0.0151641738521     7583 
30.05     24.2627777778     0.00814364352425     7588 
30.075     -34.3166666667     0.0104910451192     7591 
30.075     24.4666666667     0.0087260712512     7594 
