20.925       6.71444444444        0.0100188703085        5101 
20.8779166667       11.2911111111        0.0104910451192        5103 
20.925       11.5077777778        0.0102522397773        5105 
20.9495833333       33.0558333333        0.00742709116595        5108 
20.9495833333       33.1563888889        0.00742709116595        5110 
20.9941666667       33.3133333333        0.00372236327537        5129 
20.9995833333       33.9080555556        0.013829890923        5132 
21.0166666667       12.9163888889        0.0295677824953        5139 
21.025       43.2330555556        0.011503202228        5146 
21.025       9.93305555556        0.012045331447        5147 
21.0345833333       9.55138888889        0.0107354129523        5148 
21.0166666667       27.0469444444        0.0089293275615        5150 
21.07375       9.33194444444        0.0144816736019        5161 
21.075       -1.74861111111        0.0056340248062        5164 
21.0908333333       32.2238888889        0.0085274416194        5165 
21.1       9.89055555556        0.00742709116595        5172 
21.1125       33.7991666667        0.005899548215        5174 
21.125       15.7663888889        0.00935015380455        5181 
20.9191666667       33.2811111111        0.011503202228        5099 
20.925       6.71444444444        0.0100188703085        5101 
20.8779166667       11.2911111111        0.0104910451192        5103 
20.925       11.5077777778        0.0102522397773        5105 
20.9495833333       33.0558333333        0.00742709116595        5108 
20.9495833333       33.1563888889        0.00742709116595        5110 
20.9941666667       33.3133333333        0.00372236327537        5129 
20.9995833333       33.9080555556        0.013829890923        5132 
21.0166666667       12.9163888889        0.0295677824953        5139 
21.025       43.2330555556        0.011503202228        5146 
21.025       9.93305555556        0.012045331447        5147 
21.0345833333       9.55138888889        0.0107354129523        5148 
21.0166666667       27.0469444444        0.0089293275615        5150 
21.07375       9.33194444444        0.0144816736019        5161 
21.075       -1.74861111111        0.0056340248062        5164 
21.0908333333       32.2238888889        0.0085274416194        5165 
21.1       9.89055555556        0.00742709116595        5172 
21.1125       33.7991666667        0.005899548215        5174 
21.125       15.7663888889        0.00935015380455        5181 
21.12       -1.64194444444        0.00380906825441        5182 
21.1225       -4.55166666667        0.0104910451192        5187 
21.1425       1.73166666667        0.0269661381314        5190 
21.1425       -33.1730555556        0.0123259032594        5191 
21.125       2.02305555556        0.00677358764825        5192 
21.1445833333       3.79694444444        0.0355482933045        5193 
21.1425       16.5363888889        0.0141520304655        5194 
21.1533333333       21.8822222222        0.0056340248062        5197 
21.15       7.73222222222        0.0109854728433        5198 
21.1608333333       33.4730555556        0.0117711462287        5201 
21.1       3.88333333333        0.0097908129774        5208 
21.1729166667       -1.58666666667        0.0107354129523        5210 
21.175       9.75333333333        0.00833333335        5213 
21.1825       33.4297222222        0.0158788393481        5214 
21.1883333333       32.1658333333        0.00617758535655        5217 
21.1904166667       9.99416666667        0.022951905907        5218 
21.175       1.0275        0.0097908129774        5220 
21.1991666667       9.53916666667        0.0234865244742        5222 
21.2070833333       32.2347222222        0.0053804519194        5226 
21.2       -1.49        0.0072580299308        5228 
21.21875       -1.61777777778        0.00742709116595        5231 
21.21875       9.70222222222        0.011503202228        5232 
21.25       0.435        0.00777711918885        5238 
21.275       8.69        0.00935015380455        5245 
21.305       14.8722222222        0.00935015380455        5250 
21.275       2.05555555556        0.0089293275615        5251 
21.275       2.28888888889        0.00603696634605        5252 
21.3       -1.50166666667        0.0089293275615        5258 
21.3420833333       14.8383333333        0.0135150841717        5261 
21.3216666667       9.265        0.0209323869711        5264 
21.3320833333       34.0244444444        0.0214199648993        5268 
21.3483333333       14.5194444444        0.0129068051834        5270 
21.3533333333       14.8633333333        0.0126130104288        5271 
21.35       7.54666666667        0.011503202228        5273 
21.3591666667       -1.55138888889        0.0087260712512        5275 
21.35       10.8013888889        0.00777711918885        5276 
21.38       -1.40916666667        0.00742709116595        5282 
21.38125       1.75972222222        0.0282370130681        5283 
21.38125       32.1361111111        0.0186560095254        5284 
21.375       -1.48611111111        0.0072580299308        5289 
21.3904166667       33.6711111111        0.0141520304655        5290 
21.375       0.121111111111        0.00913731831945        5291 
21.4016666667       18.0622222222        0.00777711918885        5294 
21.3941666667       14.975        0.0085274416194        5298 
21.4179166667       34.7130555556        0.0204559076716        5299 
21.435       -1.37833333333        0.0155173928366        5305 
21.425       -1.445        0.0072580299308        5307 
21.45875       -1.29388888889        0.00468617771929        5311 
21.45       -1.32361111111        0.00372236327537        5314 
21.45       1.48361111111        0.00913731831945        5316 
21.485       16.6019444444        0.0104910451192        5321 
21.4975       -1.33944444444        0.0195352401668        5323 
21.5033333333       -1.34388888889        0.0117711462287        5324 
21.51125       -1.22666666667        0.00760009034315        5326 
21.5129166667       11.4441666667        0.00646872598485        5328 
21.4908333333       -3.98222222222        0.0162487050305        5329 
21.5       0.332222222222        0.00833333335        5330 
21.5       33.405        0.00833333335        5333 
21.57875       34.7544444444        0.0148189951133        5340 
21.575       -6.07111111111        0.0257524619891        5341 
21.575       9.92111111111        0.0132074432969        5343 
21.59       34.7038888889        0.0257524619891        5344 
21.5916666667       6.27611111111        0.0097908129774        5345 
21.6       -8.07583333333        0.00935015380455        5348 
21.605       -1.63944444444        0.0112413573774        5351 
21.6291666667       34.6755555556        0.00833333335        5360 
21.6404166667       31.6127777778        0.0079582715661        5364 
21.625       0.565555555556        0.00833333335        5366 
21.6570833333       48.3933333333        0.0053804519194        5368 
21.65       10.2766666667        0.00814364352425        5370 
21.6758333333       2.02166666667        0.0126130104288        5374 
21.675       -1.33083333333        0.00468617771929        5379 
21.675       -0.9975        0.0028237013068        5380 
21.6829166667       17.2641666667        0.0104910451192        5382 
21.7       46.7808333333        0.00935015380455        5386 
21.7025       12.0241666667        0.0097908129774        5392 
21.7266666667       19.2141666667        0.0056340248062        5395 
21.7725       18.5983333333        0.00777711918885        5403 
21.7891666667       14.7758333333        0.00935015380455        5411 
21.8025       13.6027777778        0.0155173928366        5415 
21.8083333333       -21.7727777778        0.00677358764825        5422 
21.8383333333       11.9755555556        0.0085274416194        5423 
21.8       -1.25888888889        0.00760009034315        5424 
21.8170833333       -1.97194444444        0.00257524619891        5425 
21.8566666667       -1.91194444444        0.013829890923        5430 
21.8566666667       14.8186111111        0.013829890923        5433 
21.885       19.1775        0.0052579778812        5435 
21.875       -1.09416666667        0.00913731831945        5436 
21.875       -4.68277777778        0.00913731831945        5437 
21.895       31.5547222222        0.025166264387        5440 
21.9       -1.12138888889        0.00742709116595        5449 
21.9195833333       37.1830555556        0.0158788393481        5450 
21.9445833333       43.1544444444        0.0100188703085        5453 
21.95125       -1.87944444444        0.0117711462287        5455 
21.9533333333       48.8194444444        0.0129068051834        5457 
21.95       43.2527777778        0.0117711462287        5460 
21.9795833333       -2.04138888889        0.0104910451192        5465 
22.0033333333       32.0327777778        0.0100188703085        5473 
22.0225       38.2155555556        0.0100188703085        5475 
22.0254166667       49.2413888889        0.0144816736019        5476 
22.025       10.4247222222        0.00956794686495        5479 
22.0420833333       -1.30638888889        0.0109854728433        5481 
22.0541666667       -1.91666666667        0.0057652581025        5484 
22.1016666667       16.4588888889        0.00372236327537        5486 
22.0725       28.9880555556        0.00956794686495        5488 
22.0783333333       34.3086111111        0.013829890923        5489 
22.09125       2.51333333333        0.00777711918885        5492 
22.1075       -2.59        0.0123259032594        5498 
22.1233333333       48.3869444444        0.0123259032594        5502 
22.125       -1.72027777778        0.0107354129523        5506 
22.1975       16.6880555556        0.00742709116595        5516 
22.20125       34.3463888889        0.0117711462287        5518 
22.2145833333       2.44694444444        0.00363763194261        5524 
22.2216666667       13.7933333333        0.0126130104288        5527 
22.2454166667       -0.949166666667        0.0132074432969        5539 
22.2470833333       -0.561666666667        0.0102522397773        5540 
22.25       -2.41166666667        0.0102522397773        5543 
22.2625       32.3322222222        0.0112413573774        5545 
22.2808333333       11.1308333333        0.00913731831945        5548 
20.9191666667       33.2811111111        0.011503202228        5099 
20.9191666667       33.2811111111        0.011503202228        5099 
20.925       6.71444444444        0.0100188703085        5101 
20.8779166667       11.2911111111        0.0104910451192        5103 
20.925       11.5077777778        0.0102522397773        5105 
