36.0508333333     5.37138888889     0.00742709116595     9118 
36.1179166667     1.83777777778     0.00693136477305     9128 
36.25     22.2063888889     0.0070928169992     9173 
36.3029166667     20.9508333333     0.00913731831945     9183 
36.4091666667     23.0     0.00693136477305     9214 
36.4091666667     24.9675     0.0112413573774     9219 
36.5295833333     -0.331111111111     0.0155173928366     9256 
36.575     -9.84583333333     0.0245934102714     9272 
36.6183333333     1.16083333333     0.0056340248062     9283 
36.65     22.7530555556     0.011503202228     9293 
36.6941666667     20.4986111111     0.0190905638112     9302 
36.7279166667     25.0336111111     0.00760009034315     9309 
36.7333333333     20.535     0.00742709116595     9313 
36.8854166667     25.6680555556     0.0104910451192     9351 
36.8858333333     -0.245555555556     0.0107354129523     9352 
36.9066666667     -1.15472222222     0.0389779285185     9359 
36.9658333333     0.501111111111     0.012045331447     9376 
36.9775     20.3322222222     0.0170144829063     9379 
37.00375     21.8011111111     0.005899548215     9382 
37.0825     -0.581388888889     0.0100188703085     9406 
37.1154166667     -1.15166666667     0.0224294567442     9414 
37.2     25.3358333333     0.012045331447     9440 
37.225     0.3675     0.0097908129774     9445 
37.3816666667     -3.21166666667     0.0104910451192     9485 
37.45     25.2580555556     0.0209323869711     9510 
37.475     1.17472222222     0.00833333335     9514 
37.5229166667     -8.99805555556     0.0056340248062     9523 
37.55     0.952222222222     0.0102522397773     9530 
37.64     -1.10722222222     0.0234865244742     9549 
37.7975     1.26583333333     0.0129068051834     9588 
37.9079166667     -0.139166666667     0.0052579778812     9613 
37.9     0.308055555556     0.0089293275615     9617 
37.9225     -9.30027777778     0.0097908129774     9621 
37.95     5.63138888889     0.0112413573774     9631 
37.9908333333     1.24583333333     0.0158788393481     9642 
37.975     0.9125     0.0100188703085     9643 
38.1629166667     0.618055555556     0.00468617771929     9680 
38.1666666667     0.26     0.00956794686495     9684 
38.2     5.71388888889     0.00956794686495     9697 
38.22875     25.0938888889     0.00479533282074     9703 
38.2570833333     0.421111111111     0.0085274416194     9711 
38.325     22.3905555556     0.012045331447     9729 
38.35     20.2688888889     0.0104910451192     9736 
38.35625     22.16     0.00646872598485     9741 
38.4     6.47027777778     0.0100188703085     9753 
38.45     0.922777777778     0.00693136477305     9765 
38.475     -6.36166666667     0.0135150841717     9774 
38.6558333333     -8.78555555556     0.00814364352425     9817 
36.0508333333     5.37138888889     0.00742709116595     9118 
38.6558333333     -8.78555555556     0.00814364352425     9817 
38.6558333333     -8.78555555556     0.00814364352425     9817 
38.70125     -7.68333333333     0.00956794686495     9822 
38.70125     -7.68333333333     0.00956794686495     9822 
