20.94     -58.8044444444     0.00661940196925     5106 
20.96375     -27.7894444444     0.00661940196925     5112 
20.98     -35.0677777778     0.00693136477305     5120 
20.9870833333     -33.8027777778     0.00355482933045     5124 
20.9920833333     -35.1163888889     0.0132074432969     5128 
21.0595833333     -34.7263888889     0.0129068051834     5154 
21.0691666667     -37.3347222222     0.00833333335     5158 
20.94     -58.8044444444     0.00661940196925     5106 
20.96375     -27.7894444444     0.00661940196925     5112 
20.98     -35.0677777778     0.00693136477305     5120 
20.9870833333     -33.8027777778     0.00355482933045     5124 
20.9920833333     -35.1163888889     0.0132074432969     5128 
21.0595833333     -34.7263888889     0.0129068051834     5154 
21.0691666667     -37.3347222222     0.00833333335     5158 
21.1291666667     -15.5380555556     0.013829890923     5186 
21.1875     -38.1283333333     0.0087260712512     5215 
21.2083333333     -31.7566666667     0.0132074432969     5227 
21.2254166667     -68.6183333333     0.00833333335     5233 
21.2791666667     -38.0066666667     0.00447526497871     5243 
21.2995833333     -38.0933333333     0.00935015380455     5253 
21.30375     -38.0683333333     0.0117711462287     5255 
21.34125     -18.1633333333     0.0132074432969     5269 
21.37     -38.2669444444     0.0135150841717     5278 
21.3975     -41.4652777778     0.00447526497871     5293 
21.4066666667     -30.3652777778     0.0070928169992     5295 
21.4208333333     -34.8411111111     0.0117711462287     5301 
21.4545833333     -39.1052777778     0.0089293275615     5310 
21.4591666667     -34.4902777778     0.0097908129774     5312 
21.46375     -37.3336111111     0.00760009034315     5315 
21.485     -38.9516666667     0.0126130104288     5320 
21.5     50.6266666667     0.0107354129523     5327 
21.5741666667     -52.6538888889     0.005899548215     5338 
21.6     -38.5925     0.0135150841717     5347 
21.6083333333     -37.4572222222     0.013829890923     5352 
21.63875     -23.2258333333     0.0162487050305     5362 
21.6416666667     -23.2655555556     0.00363763194261     5365 
21.6758333333     -25.3141666667     0.0126130104288     5375 
21.725     -15.1641666667     0.0109854728433     5397 
21.775     -35.8577777778     0.0085274416194     5404 
21.7866666667     -58.3544444444     0.0079582715661     5409 
21.79375     -18.6541666667     0.0087260712512     5417 
21.7979166667     -22.7627777778     0.00603696634605     5419 
21.80625     -22.6977777778     0.00331755976125     5420 
21.9341666667     -19.0511111111     0.0079582715661     5452 
21.9875     -35.7180555556     0.0174108011253     5468 
21.9958333333     -29.0863888889     0.00603696634605     5472 
22.0945833333     -35.9897222222     0.012045331447     5494 
22.15125     -39.3066666667     0.00677358764825     5508 
22.2379166667     -51.5986111111     0.0079582715661     5535 
22.2616666667     -35.5986111111     0.00935015380455     5544 
