36.025       27.3430555556        0.0104910451192        9112 
36.1433333333       28.6080555556        0.0104910451192        9139 
36.3666666667       20.3955555556        0.00617758535655        9205 
36.51125       30.1725        0.0089293275615        9251 
36.5320833333       31.9111111111        0.0144816736019        9258 
36.58625       30.4447222222        0.00693136477305        9270 
36.6245833333       30.5838888889        0.00661940196925        9284 
36.8491666667       -3.95972222222        0.00935015380455        9333 
36.85       24.2597222222        0.0079582715661        9345 
36.9575       31.7258333333        0.0155173928366        9375 
37.0470833333       -5.83861111111        0.0109854728433        9390 
37.0529166667       -1.34638888889        0.0141520304655        9394 
37.05       23.2230555556        0.012045331447        9398 
37.1366666667       29.9847222222        0.0126130104288        9419 
37.13875       20.2833333333        0.0141520304655        9423 
37.36       31.4705555556        0.0107354129523        9476 
37.3645833333       31.64        0.0102522397773        9478 
37.45375       31.4536111111        0.0057652581025        9501 
37.6583333333       27.1566666667        0.00617758535655        9554 
37.825       1.34916666667        0.0129068051834        9598 
38.66125       44.9127777778        0.00956794686495        9818 
36.025       27.3430555556        0.0104910451192        9112 
36.025       27.3430555556        0.0104910451192        9112 
36.025       27.3430555556        0.0104910451192        9112 
38.66125       44.9127777778        0.00956794686495        9818 
38.66125       44.9127777778        0.00956794686495        9818 
