0.03625       -6.37472222222        0.0129068051834        12 
0.08875       -2.61055555556        0.0102522397773        23 
0.158333333333       20.0591666667        0.00677358764825        53 
0.159583333333       28.385        0.0097908129774        54 
0.184583333333       28.4013888889        0.00661940196925        58 
0.225       20.345        0.0162487050305        70 
0.03625       -6.37472222222        0.0129068051834        12 
4.975       9.14083333333        0.0087260712512        1285 
5.0       19.9908333333        0.0104910451192        1286 
5.00041666667       -6.33527777778        0.0129068051834        1288 
5.0       10.8686111111        0.0141520304655        1292 
5.0       15.1019444444        0.00935015380455        1293 
5.09541666667       -14.0352777778        0.0107354129523        1303 
5.1025       59.2916666667        0.112413573774        1305 
5.1725       -23.2825        0.0132074432969        1325 
5.175       -4.43333333333        0.00956794686495        1326 
5.18666666667       22.5994444444        0.005899548215        1328 
5.2       20.0327777778        0.0085274416194        1330 
5.23291666667       21.8655555556        0.00632147980455        1333 
5.225       12.8575        0.0079582715661        1336 
5.24333333333       17.6891666667        0.0085274416194        1337 
5.29708333333       22.3580555556        0.0155173928366        1351 
5.345       22.4355555556        0.0135150841717        1371 
5.33416666667       17.3405555556        0.00661940196925        1372 
5.37166666667       22.5005555556        0.00742709116595        1382 
5.46541666667       22.4002777778        0.0166271859914        1405 
5.5       22.4002777778        0.0117711462287        1412 
5.5425       -4.34722222222        0.0109854728433        1419 
5.55       20.6138888889        0.0085274416194        1422 
5.55916666667       10.4938888889        0.0170144829063        1426 
5.64166666667       -8.48722222222        0.0109854728433        1451 
5.7375       16.2527777778        0.00833333335        1478 
5.81791666667       -8.4925        0.0087260712512        1496 
5.875       20.2425        0.0123259032594        1502 
5.95       14.6872222222        0.00935015380455        1511 
5.99875       15.7694444444        0.0117711462287        1523 
6.01083333333       16.4858333333        0.0468617771929        1525 
6.125       -11.4847222222        0.0141520304655        1538 
6.17916666667       14.8222222222        0.00777711918885        1550 
6.37291666667       -14.5536111111        0.0141520304655        1575 
6.275       42.0536111111        0.0087260712512        1576 
6.32083333333       12.885        0.00956794686495        1583 
6.37083333333       20.2375        0.0148189951133        1591 
6.49541666667       14.3475        0.0085274416194        1621 
6.5425       13.6536111111        0.0126130104288        1631 
6.52875       16.4366666667        0.0104910451192        1632 
6.55       21.8033333333        0.0097908129774        1633 
6.5725       -4.4925        0.0117711462287        1634 
6.675       11.56        0.00742709116595        1652 
6.72791666667       -2.50138888889        0.0117711462287        1656 
