7.11541666667     -7.39166666667     0.00935015380455     1751 
7.14458333333     31.1541666667     0.00777711918885     1758 
7.15875     2.95416666667     0.00742709116595     1760 
7.20125     3.43111111111     0.00363763194261     1770 
0.1     7.84166666667     0.0070928169992     39 
36.375     26.7455555556     0.00760009034315     9212 
334.049166667     27.9061111111     0.00935015380455     68460 
348.95     9.50388888889     0.0100188703085     70866 
354.565416667     17.3455555556     0.00661940196925     71974 
0.1     7.84166666667     0.0070928169992     39 
0.1     7.84166666667     0.0070928169992     39 
36.375     26.7455555556     0.00760009034315     9212 
334.049166667     27.9061111111     0.00935015380455     68460 
348.95     9.50388888889     0.0100188703085     70866 
354.565416667     17.3455555556     0.00661940196925     71974 
0.1     7.84166666667     0.0070928169992     39 
36.375     26.7455555556     0.00760009034315     9212 
334.049166667     27.9061111111     0.00935015380455     68460 
348.95     9.50388888889     0.0100188703085     70866 
354.565416667     17.3455555556     0.00661940196925     71974 
0.1     7.84166666667     0.0070928169992     39 
0.1     7.84166666667     0.0070928169992     39 
0.1     7.84166666667     0.0070928169992     39 
36.375     26.7455555556     0.00760009034315     9212 
334.049166667     27.9061111111     0.00935015380455     68460 
348.95     9.50388888889     0.0100188703085     70866 
354.565416667     17.3455555556     0.00661940196925     71974 
0.1     7.84166666667     0.0070928169992     39 
36.375     26.7455555556     0.00760009034315     9212 
36.375     26.7455555556     0.00760009034315     9212 
