7.075     -0.233055555556     0.0102522397773     1747 
7.0925     2.52638888889     0.00935015380455     1748 
7.12958333333     33.2716666667     0.0117711462287     1754 
0.184583333333     28.4013888889     0.00661940196925     58 
0.262083333333     28.9116666667     0.0132074432969     76 
15.7795833333     -6.98861111111     0.0132074432969     3754 
24.58125     7.53361111111     0.022951905907     6061 
246.725     51.5538888889     0.00956794686495     58150 
246.75     56.8872222222     0.0107354129523     58154 
354.611666667     26.985     0.00219188999763     71984 
354.625     26.5916666667     0.00661940196925     71986 
0.184583333333     28.4013888889     0.00661940196925     58 
0.262083333333     28.9116666667     0.0132074432969     76 
15.7795833333     -6.98861111111     0.0132074432969     3754 
0.184583333333     28.4013888889     0.00661940196925     58 
0.262083333333     28.9116666667     0.0132074432969     76 
15.7795833333     -6.98861111111     0.0132074432969     3754 
24.58125     7.53361111111     0.022951905907     6061 
246.725     51.5538888889     0.00956794686495     58150 
246.75     56.8872222222     0.0107354129523     58154 
354.611666667     26.985     0.00219188999763     71984 
354.625     26.5916666667     0.00661940196925     71986 
