5.5       22.4002777778       5.5131809       +22.4076484       0.00655349048397       1412 
7.07708333333       3.38305555556       7.090542       3.389667       0.0081875149422       1746 
7.075       -0.233055555556       7.0849926       -0.2197815       0.00509669436254       1747 
7.0925       2.52638888889       7.0921673       +2.5267805       0.00570291700991       1748 
7.12958333333       33.2716666667       7.1429764       +33.2724381       0.0074334579725       1754 
0.1       17.225       0.1169203       +17.2193357       0.00754885615329       38 
0.184583333333       28.4013888889       0.183333       28.401444       0.00335141931815       58 
0.262083333333       28.9116666667       0.2451972       +28.9114464       0.00733707360233       76 
9.59125       32.6366666667       9.5919192       +32.6382513       0.00625931668059       2286 
15.7795833333       -6.98861111111       15.7796475       -6.9884379       0.00791324020831       3754 
21.1445833333       3.79694444444       21.1421233       +3.7968900       0.0270802347747       5193 
24.58125       7.53361111111       24.5870430       +7.5341305       0.0168719642963       6061 
195.596666667       28.2219444444       195.5896558       +28.2307638       0.00469734378473       45003 
246.725       51.5538888889       246.7218885       +51.5550550       0.00569496129758       58150 
246.75       56.8872222222       246.7619360       +56.9021340       0.00379787908281       58154 
354.565416667       27.1622222222       354.5883367       +27.1582681       0.0022128318986       71976 
354.61375       4.80083333333       354.6131094       +4.8012978       0.00449915614186       71982 
354.611666667       26.985       354.6117571       +26.9851401       0.0018275617295       71984 
354.625       26.5916666667       354.6260524       +26.5977185       0.00315490859593       71986 
0.1       17.225       0.1169203       +17.2193357       0.00754885615329       38 
0.184583333333       28.4013888889       0.183333       28.401444       0.00335141931815       58 
0.262083333333       28.9116666667       0.2451972       +28.9114464       0.00733707360233       76 
9.59125       32.6366666667       9.5919192       +32.6382513       0.00625931668059       2286 
15.7795833333       -6.98861111111       15.7796475       -6.9884379       0.00791324020831       3754 
21.1445833333       3.79694444444       21.1421233       +3.7968900       0.0270802347747       5193 
0.1       17.225       0.1169203       +17.2193357       0.00754885615329       38 
0.184583333333       28.4013888889       0.183333       28.401444       0.00335141931815       58 
0.262083333333       28.9116666667       0.2451972       +28.9114464       0.00733707360233       76 
9.59125       32.6366666667       9.5919192       +32.6382513       0.00625931668059       2286 
15.7795833333       -6.98861111111       15.7796475       -6.9884379       0.00791324020831       3754 
21.1445833333       3.79694444444       21.1421233       +3.7968900       0.0270802347747       5193 
24.58125       7.53361111111       24.5870430       +7.5341305       0.0168719642963       6061 
195.596666667       28.2219444444       195.5896558       +28.2307638       0.00469734378473       45003 
246.725       51.5538888889       246.7218885       +51.5550550       0.00569496129758       58150 
246.75       56.8872222222       246.7619360       +56.9021340       0.00379787908281       58154 
354.565416667       27.1622222222       354.5883367       +27.1582681       0.0022128318986       71976 
