@
0.1     17.225     0.0289633472037        38   
0.1     7.84166666667     0.0141856339984        39   
0.184583333333     28.4013888889     0.0132388039385        58   
0.262083333333     28.9116666667     0.0264148865938        76  
9.59125     32.6366666667     0.0264148865938      2286   
15.7795833333     -6.98861111111     0.0264148865938      3754   
21.1445833333     3.79694444444     0.0710965866091      5193 
24.58125     7.53361111111     0.0459038118141      6061 
36.375     26.7455555556     0.0152001806863      9212  
195.596666667     28.2219444444     0.0409118153432     45003   
246.725     51.5538888889     0.0191358937299     58150   
246.75     56.8872222222     0.0214708259045     58154   
334.049166667     27.9061111111     0.0187003076091     68460   
348.95     9.50388888889     0.020037740617     70866   
354.565416667     17.3455555556     0.0132388039385     71974   
354.565416667     27.1622222222     0.0132388039385     71976  
354.61375     4.80083333333     0.0162872870485     71982   
354.611666667     26.985     0.00438377999526     71984    
354.625     26.5916666667     0.0132388039385     71986  
