14.1779166667       -9.91416666667       14.1785651       -9.9140282       0.0349053444551       3377 
14.1779166667       -9.91416666667       14.1785651       -9.9140282       0.0349053444551       3377 
<<<<<<< HEAD
0.407916666667       23.4847222222       0.4083       23.4847       0.0218216564892       120 
=======
14.1779166667       -9.91416666667       14.1784513       -9.9140002       0.0218216564892       3377 
14.1779166667       -9.91416666667       14.1784513       -9.9140002       0.0218216564892       3377 
14.1779166667       -9.91416666667       14.1784513       -9.9140002       0.0218216564892       3377 
0.0075       47.2744444444       0.0064810       +47.2747672       0.0214080111832       2 
>>>>>>> 62064359266438afa280253a8c8da30df9c5c231
