0.0075     47.2744444444     0.0199902743651
0.0075     47.2744444444     0.0199902743651     20.0075     47.2744444444     0.0199902743651
0.0075     47.2744444444     0.0199902743651     20.0075     47.2744444444     0.0199902743651
0.0075     47.2744444444     0.0199902743651     20.0075     47.2744444444     0.0199902743651
0.0075     47.2744444444     0.0199902743651     20.0075     47.2744444444     0.0199902743651
0.0075     47.2744444444     0.0199902743651     20.0075     47.2744444444     0.0199902743651
0.0075     47.2744444444     0.0199902743651     20.0075     47.2744444444     0.0199902743651
0.0075     47.2744444444     0.0199902743651     20.0075     47.2744444444     0.0199902743651
0.0075     47.2744444444     0.0199902743651     20.0075     47.2744444444     0.0199902743651
0.0075     47.2744444444     0.0199902743651
0.0075     47.2744444444     0.0199902743651     20.09375     -80.7916666667     0.0141520304655
0.09375     -80.7916666667     0.0141520304655     300.1     39.5083333333     0.00833333335
0.1     39.5083333333     0.00833333335     35