0.08875       -2.61055555556        0.0102522397773        23 
0.08875       -2.61055555556        0.0102522397773        23 
0.1       17.225        0.0144816736019        38 
0.08875       -2.61055555556        0.0102522397773        23 
0.1       17.225        0.0144816736019        38 
0.158333333333       20.0591666667        0.00677358764825        53 
0.08875       -2.61055555556        0.0102522397773        23 
0.08875       -2.61055555556        0.0102522397773        23 
0.1       17.225        0.0144816736019        38 
0.158333333333       20.0591666667        0.00677358764825        53 
0.15       33.6016666667        0.0079582715661        55 
