0.03625     -6.37472222222     0.0129068051834     12 
0.159583333333     28.385     0.0097908129774     54 
0.184583333333     28.4013888889     0.00661940196925     58 
0.195     28.4027777778     0.00833333335     63 
0.360833333333     31.4338888889     0.0097908129774     109 
0.375833333333     31.4425     0.00935015380455     112 
0.407916666667     23.4847222222     0.0195352401668     120 
0.427083333333     23.4947222222     0.0132074432969     129 
1.00416666667     -11.1769444444     0.00182313469027     281 
1.00708333333     -11.1741666667     0.0097908129774     282 
1.68666666667     -6.63722222222     0.00603696634605     510 
1.81666666667     27.7088888889     0.013829890923     564 
4.70875     -10.3611111111     0.00956794686495     1221 
4.71208333333     -10.3772222222     0.00935015380455     1224 
5.10625     0.826666666667     0.00913731831945     1306 
5.11416666667     0.833055555556     0.0056340248062     1309 
6.5125     25.7188888889     0.0144816736019     1625 
6.53     25.725     0.013829890923     1627 
7.30083333333     2.8725     0.00646872598485     1787 
7.3125     2.86527777778     0.0209323869711     1791 
7.32666666667     2.86972222222     0.0056340248062     1794 
7.85     8.46805555556     0.0126130104288     1921 
8.54625     -7.565     0.0155173928366     2045 
9.62125     29.5116666667     0.0170144829063     2298 
9.74875     -9.00277777778     0.0129068051834     2331 
9.75083333333     -9.01444444444     0.0053804519194     2332 
9.80625     0.861944444444     0.0158788393481     2352 
9.82416666667     0.912222222222     0.0104910451192     2357 
9.82875     0.891944444444     0.00913731831945     2365 
9.9     8.95972222222     0.0182313469027     2390 
11.9479166667     -9.89944444444     0.0257524619891     2805 
12.3929166667     23.5777777778     0.0072580299308     2886 
13.8266666667     31.7297222222     0.0102522397773     3269 
13.825     31.7463888889     0.00833333335     3271 
14.4504166667     -5.1125     0.012045331447     3454 
14.4804166667     -5.13055555556     0.013829890923     3462 
14.9583333333     31.8266666667     0.0257524619891     3575 
16.27     -6.21277777778     0.0363763194261     3853 
17.34125     14.3419444444     0.0126130104288     4116 
20.0283333333     3.41666666667     0.057652581025     4801 
20.6620833333     26.8675     0.011503202228     5011 
20.6783333333     26.8666666667     0.00935015380455     5015 
