20.925     6.71444444444     0.0100188703085     5101 
20.9941666667     33.3133333333     0.00372236327537     5129 
21.075     -1.74861111111     0.0056340248062     5164 
21.1125     33.7991666667     0.005899548215     5174 
21.12     -1.64194444444     0.00380906825441     5182 
21.1425     1.73166666667     0.0269661381314     5190 
21.125     2.02305555556     0.00677358764825     5192 
21.15     7.73222222222     0.0109854728433     5198 
21.1608333333     33.4730555556     0.0117711462287     5201 
21.1729166667     -1.58666666667     0.0107354129523     5210 
21.1825     33.4297222222     0.0158788393481     5214 
21.175     1.0275     0.0097908129774     5220 
21.1991666667     9.53916666667     0.0234865244742     5222 
21.21875     -1.61777777778     0.00742709116595     5231 
21.25     0.435     0.00777711918885     5238 
21.305     14.8722222222     0.00935015380455     5250 
21.275     2.28888888889     0.00603696634605     5252 
21.3420833333     14.8383333333     0.0135150841717     5261 
21.3320833333     34.0244444444     0.0214199648993     5268 
21.3533333333     14.8633333333     0.0126130104288     5271 
21.35     7.54666666667     0.011503202228     5273 
21.3591666667     -1.55138888889     0.0087260712512     5275 
21.35     10.8013888889     0.00777711918885     5276 
21.38125     1.75972222222     0.0282370130681     5283 
21.38125     32.1361111111     0.0186560095254     5284 
21.375     0.121111111111     0.00913731831945     5291 
21.4016666667     18.0622222222     0.00777711918885     5294 
21.4179166667     34.7130555556     0.0204559076716     5299 
21.435     -1.37833333333     0.0155173928366     5305 
21.45875     -1.29388888889     0.00468617771929     5311 
21.45     -1.32361111111     0.00372236327537     5314 
21.45     1.48361111111     0.00913731831945     5316 
21.4975     -1.33944444444     0.0195352401668     5323 
21.5033333333     -1.34388888889     0.0117711462287     5324 
21.51125     -1.22666666667     0.00760009034315     5326 
21.5     0.332222222222     0.00833333335     5330 
21.5     33.405     0.00833333335     5333 
21.575     -6.07111111111     0.0257524619891     5341 
21.5916666667     6.27611111111     0.0097908129774     5345 
21.6     -8.07583333333     0.00935015380455     5348 
21.605     -1.63944444444     0.0112413573774     5351 
21.625     0.565555555556     0.00833333335     5366 
21.6570833333     48.3933333333     0.0053804519194     5368 
21.675     -0.9975     0.0028237013068     5380 
21.7891666667     14.7758333333     0.00935015380455     5411 
21.8025     13.6027777778     0.0155173928366     5415 
21.8     -1.25888888889     0.00760009034315     5424 
21.8170833333     -1.97194444444     0.00257524619891     5425 
21.8566666667     14.8186111111     0.013829890923     5433 
21.875     -1.09416666667     0.00913731831945     5436 
21.9     -1.12138888889     0.00742709116595     5449 
21.9795833333     -2.04138888889     0.0104910451192     5465 
22.0033333333     32.0327777778     0.0100188703085     5473 
22.0420833333     -1.30638888889     0.0109854728433     5481 
22.1075     -2.59     0.0123259032594     5498 
22.125     -1.72027777778     0.0107354129523     5506 
22.1975     16.6880555556     0.00742709116595     5516 
22.2216666667     13.7933333333     0.0126130104288     5527 
22.2454166667     -0.949166666667     0.0132074432969     5539 
22.2470833333     -0.561666666667     0.0102522397773     5540 
22.25     -2.41166666667     0.0102522397773     5543 
22.4333333333     -1.24111111111     0.0097908129774     5574 
22.425     -1.97388888889     0.0117711462287     5577 
22.4445833333     45.5988888889     0.0158788393481     5579 
22.4479166667     -6.98     0.0155173928366     5581 
22.4833333333     32.5013888889     0.011503202228     5587 
22.5304166667     25.8622222222     0.0151641738521     5600 
22.67     -1.9925     0.0155173928366     5628 
22.7108333333     25.915     0.00479533282074     5640 
22.7420833333     14.1080555556     0.012045331447     5645 
22.825     7.79055555556     0.0109854728433     5661 
22.8370833333     -6.86833333333     0.0302565046247     5663 
22.825     23.9516666667     0.011503202228     5664 
22.8608333333     14.2772222222     0.0126130104288     5673 
22.90375     -6.89444444444     0.0135150841717     5679 
22.9     8.44444444444     0.00777711918885     5680 
22.9270833333     -0.931944444444     0.0178163507815     5688 
23.2170833333     -7.0325     0.0245934102714     5766 
23.225     -0.686388888889     0.00956794686495     5771 
23.25     0.186388888889     0.00833333335     5776 
23.2729166667     -7.31277777778     0.0282370130681     5777 
23.3233333333     13.3319444444     0.0162487050305     5792 
23.3279166667     3.07027777778     0.0109854728433     5794 
23.3775     19.0288888889     0.0100188703085     5799 
23.375     -1.08527777778     0.00693136477305     5803 
23.4254166667     3.54333333333     0.0182313469027     5810 
23.5104166667     -1.07722222222     0.0158788393481     5830 
23.5329166667     -1.03222222222     0.0107354129523     5838 
23.675     -6.98444444444     0.0135150841717     5870 
23.7425     1.33555555556     0.00777711918885     5884 
23.7741666667     -7.34083333333     0.0302565046247     5897 
23.9629166667     -10.0027777778     0.0126130104288     5932 
23.9995833333     0.663888888889     0.0151641738521     5939 
24.17375     15.7833333333     0.089293275615     5974 
24.19625     5.83527777778     0.0144816736019     5983 
24.3141666667     -9.19777777778     0.0129068051834     6004 
24.3370833333     14.4627777778     0.00913731831945     6005 
24.3233333333     5.8775     0.0129068051834     6007 
24.58125     7.53361111111     0.022951905907     6061 
24.63125     28.7233333333     0.011503202228     6074 
24.6958333333     1.07194444444     0.0102522397773     6090 
24.7258333333     -7.76722222222     0.0135150841717     6101 
24.7775     -7.51305555556     0.022951905907     6110 
24.9079166667     7.23777777778     0.00677358764825     6145 
24.91     5.78333333333     0.00760009034315     6147 
24.95     -2.03305555556     0.00814364352425     6153 
24.9841666667     -9.24277777778     0.0123259032594     6155 
25.0366666667     5.72777777778     0.0224294567442     6172 
25.1041666667     -7.90333333333     0.0112413573774     6186 
25.1170833333     -5.52166666667     0.0151641738521     6190 
25.125     14.5225     0.0085274416194     6193 
25.18     7.9825     0.00833333335     6208 
25.3525     8.52555555556     0.00814364352425     6235 
25.4291666667     27.5019444444     0.0186560095254     6253 
25.47875     7.12111111111     0.00913731831945     6263 
25.485     22.6888888889     0.00913731831945     6265 
25.5945833333     6.72305555556     0.0085274416194     6288 
25.6133333333     13.9766666667     0.0295677824953     6292 
25.67625     -18.2283333333     0.012045331447     6301 
25.6770833333     8.17472222222     0.00814364352425     6302 
25.7020833333     13.1561111111     0.0174108011253     6309 
25.7     -6.13944444444     0.00913731831945     6310 
25.7595833333     13.6444444444     0.070928169992     6318 
25.8254166667     22.4197222222     0.00742709116595     6335 
25.8166666667     19.9652777778     0.0263523138875     6337 
25.9283333333     -4.00222222222     0.0126130104288     6356 
25.9416666667     29.1658333333     0.0129068051834     6360 
25.9795833333     13.8061111111     0.0199902743651     6364 
25.99     2.34916666667     0.011503202228     6367 
26.0608333333     28.7055555556     0.0148189951133     6376 
26.0866666667     17.4772222222     0.0107354129523     6380 
26.1629166667     -7.62027777778     0.0126130104288     6400 
26.1720833333     4.89055555556     0.0079582715661     6402 
26.1875     -4.13611111111     0.0085274416194     6406 
26.225     -0.271388888889     0.00363763194261     6419 
26.3408333333     28.7208333333     0.0132074432969     6443 
26.3716666667     10.5525     0.0132074432969     6448 
26.36875     -10.0938888889     0.0107354129523     6450 
26.3983333333     3.35694444444     0.0079582715661     6454 
26.3983333333     23.4425     0.0079582715661     6455 
26.4229166667     28.8055555556     0.0087260712512     6459 
26.5420833333     6.43194444444     0.0097908129774     6485 
26.66     -8.68083333333     0.0102522397773     6504 
26.60375     -8.63694444444     0.0123259032594     6505 
26.65375     14.6911111111     0.0089293275615     6516 
26.66375     -3.78027777778     0.0117711462287     6518 
26.705     24.4661111111     0.0107354129523     6528 
26.7416666667     28.7561111111     0.00913731831945     6544 
26.7479166667     13.1261111111     0.0132074432969     6546 
26.95     25.5747222222     0.00603696634605     6586 
26.9504166667     -16.7225     0.0100188703085     6587 
27.1391666667     13.4302777778     0.012045331447     6627 
27.1429166667     13.7013888889     0.0109854728433     6628 
27.13875     10.5708333333     0.0089293275615     6634 
27.1583333333     13.7686111111     0.00935015380455     6636 
27.1520833333     -10.3275     0.00814364352425     6637 
27.2229166667     10.5213888889     0.0141520304655     6643 
27.18375     10.5080555556     0.00677358764825     6644 
27.2395833333     5.90777777778     0.0324204288143     6656 
27.285     -3.905     0.011503202228     6666 
27.2929166667     -10.0625     0.0245934102714     6667 
27.2929166667     5.63944444444     0.0245934102714     6668 
27.2983333333     12.8527777778     0.0126130104288     6670 
27.3108333333     13.055     0.0178163507815     6673 
27.3379166667     12.7147222222     0.0085274416194     6678 
27.3529166667     13.3686111111     0.0070928169992     6687 
27.3554166667     21.9972222222     0.0398858411066     6690 
27.425     22.3680555556     0.0097908129774     6716 
27.4975     2.09111111111     0.00833333335     6734 
27.5     -0.741111111111     0.00760009034315     6741 
27.525     23.1411111111     0.0097908129774     6750 
27.5454166667     2.30805555556     0.0087260712512     6751 
27.62875     6.14472222222     0.0178163507815     6778 
27.7579166667     13.2961111111     0.0126130104288     6817 
27.76625     -9.70388888889     0.0209323869711     6826 
27.78375     -9.79361111111     0.0070928169992     6832 
27.775     -1.04722222222     0.00913731831945     6835 
27.7970833333     -3.49861111111     0.0112413573774     6837 
27.8220833333     22.3588888889     0.0398858411066     6848 
27.8304166667     -4.05611111111     0.0129068051834     6852 
27.8645833333     -8.50666666667     0.0102522397773     6861 
27.9520833333     0.263611111111     0.0097908129774     6888 
27.9595833333     6.29555555556     0.0158788393481     6897 
28.2041666667     -3.44694444444     0.0240335959074     6966 
28.2483333333     12.7077777778     0.0158788393481     6982 
28.25     -1.08916666667     0.00742709116595     6986 
28.3095833333     22.7236111111     0.00693136477305     6996 
28.4116666667     31.4736111111     0.012045331447     7021 
28.475     -0.751388888889     0.0085274416194     7039 
28.5154166667     14.9094444444     0.0117711462287     7042 
28.51375     -14.2536111111     0.0102522397773     7045 
28.5     -0.753611111111     0.00833333335     7046 
28.5541666667     7.88333333333     0.012045331447     7053 
28.5754166667     -9.71472222222     0.0166271859914     7064 
28.5933333333     -0.628055555556     0.00363763194261     7071 
28.65     -0.158333333333     0.00913731831945     7090 
28.6704166667     6.03444444444     0.012045331447     7096 
28.7258333333     0.811666666667     0.00363763194261     7116 
28.8425     6.61138888889     0.0107354129523     7164 
28.8425     24.1444444444     0.0107354129523     7170 
28.9220833333     23.0722222222     0.0052579778812     7192 
28.9220833333     31.4183333333     0.0052579778812     7193 
28.9645833333     -9.96694444444     0.0112413573774     7210 
28.9883333333     1.285     0.00742709116595     7217 
29.04625     6.745     0.00742709116595     7235 
29.0633333333     13.1655555556     0.0087260712512     7246 
29.0870833333     5.62888888889     0.0257524619891     7252 
29.0945833333     -9.06194444444     0.0288947375955     7262 
29.1604166667     10.3113888889     0.00956794686495     7285 
29.18125     15.0147222222     0.00777711918885     7292 
29.23875     -0.641666666667     0.0123259032594     7321 
29.2445833333     6.03638888889     0.00814364352425     7325 
29.2445833333     -0.0863888888889     0.00814364352425     7326 
29.25     -0.469722222222     0.0112413573774     7328 
29.2908333333     14.5497222222     0.012045331447     7341 
29.3408333333     5.61     0.0087260712512     7355 
29.3575     17.2175     0.0079582715661     7359 
29.4225     -5.67583333333     0.0135150841717     7385 
29.5125     3.36944444444     0.0112413573774     7411 
29.5275     3.08611111111     0.0102522397773     7417 
29.5358333333     2.06166666667     0.0112413573774     7420 
29.6     22.1338888889     0.011503202228     7441 
29.6454166667     3.25777777778     0.0129068051834     7458 
29.66875     0.529444444444     0.013829890923     7465 
29.675     24.665     0.0141520304655     7470 
29.6983333333     24.8913888889     0.025166264387     7475 
29.7220833333     5.59361111111     0.0097908129774     7478 
29.7120833333     -9.58694444444     0.00956794686495     7483 
29.7     0.553611111111     0.00693136477305     7484 
29.7829166667     0.104444444444     0.0117711462287     7511 
29.8245833333     24.4208333333     0.0079582715661     7521 
29.87875     13.9436111111     0.0132074432969     7533 
29.8958333333     14.0083333333     0.0126130104288     7536 
29.9658333333     7.41166666667     0.00677358764825     7556 
29.9779166667     23.6436111111     0.0155173928366     7560 
29.9816666667     24.3113888889     0.0089293275615     7562 
29.9954166667     6.96555555556     0.00935015380455     7570 
30.0     -0.282222222222     0.00913731831945     7574 
30.03875     12.655     0.0132074432969     7577 
30.05     24.2627777778     0.00814364352425     7588 
30.075     22.8961111111     0.0104910451192     7590 
30.0983333333     24.5819444444     0.0132074432969     7603 
30.11375     25.0833333333     0.0102522397773     7606 
30.2029166667     -9.00277777778     0.0204559076716     7632 
30.25     -8.80416666667     0.013829890923     7654 
30.2733333333     6.52277777778     0.0087260712512     7658 
30.3779166667     26.4819444444     0.0178163507815     7683 
30.47     23.5538888889     0.00693136477305     7716 
30.4995833333     21.0961111111     0.012045331447     7726 
30.4975     23.5497222222     0.0132074432969     7731 
30.5495833333     -0.131388888889     0.0085274416194     7740 
30.55125     -0.100833333333     0.0166271859914     7741 
30.55     -1.11194444444     0.0087260712512     7748 
30.60875     22.3216666667     0.0053804519194     7762 
30.63875     22.3791666667     0.0170144829063     7775 
30.675     26.5816666667     0.00814364352425     7789 
30.7266666667     -14.6738888889     0.0087260712512     7798 
30.72875     7.52333333333     0.0087260712512     7800 
30.7591666667     -9.65694444444     0.0234865244742     7806 
30.7725     2.61333333333     0.012045331447     7812 
30.7933333333     5.65666666667     0.00760009034315     7820 
30.875     2.56611111111     0.013829890923     7834 
30.88125     -9.9325     0.0102522397773     7835 
30.8895833333     26.3027777778     0.00742709116595     7837 
30.9054166667     24.0738888889     0.0245934102714     7841 
30.91875     26.2777777778     0.0053804519194     7843 
30.9358333333     14.7086111111     0.012045331447     7846 
30.95875     14.7394444444     0.0240335959074     7856 
31.0     24.2138888889     0.00935015380455     7871 
31.0441666667     28.6577777778     0.0129068051834     7888 
31.0791666667     -8.73555555556     0.0117711462287     7889 
31.175     21.4436111111     0.0089293275615     7925 
31.2195833333     11.4222222222     0.00742709116595     7930 
31.3133333333     6.10416666667     0.0166271859914     7952 
31.35     13.2386111111     0.0141520304655     7965 
31.35     13.3719444444     0.0132074432969     7966 
31.4045833333     6.76694444444     0.0087260712512     7977 
31.4     -0.688611111111     0.0104910451192     7979 
31.45625     -9.82222222222     0.0135150841717     7998 
31.525     13.2766666667     0.0089293275615     8014 
31.5670833333     -0.291666666667     0.0087260712512     8029 
31.675     -0.8525     0.0102522397773     8060 
31.7129166667     -0.507777777778     0.087260712512     8067 
31.8558333333     2.11611111111     0.00219188999763     8096 
31.85     -2.08666666667     0.00833333335     8098 
31.8925     2.11527777778     0.00661940196925     8110 
31.9291666667     15.3658333333     0.011503202228     8112 
31.9066666667     2.18083333333     0.0072580299308     8114 
31.9158333333     2.14972222222     0.00661940196925     8117 
31.97125     2.1675     0.00833333335     8128 
31.9879166667     16.2194444444     0.00956794686495     8131 
31.9845833333     19.1705555556     0.00814364352425     8135 
32.0     28.3372222222     0.00913731831945     8146 
32.08375     1.18388888889     0.0055057787444     8157 
32.105     14.3491666667     0.0117711462287     8165 
32.1154166667     6.39472222222     0.0155173928366     8167 
32.1275     18.9977777778     0.00814364352425     8171 
32.135     6.32416666667     0.0190905638112     8173 
32.17625     -7.79111111111     0.0097908129774     8182 
32.2141666667     2.71916666667     0.00677358764825     8188 
32.235     7.97194444444     0.0195352401668     8196 
32.2375     26.0327777778     0.0085274416194     8198 
32.245     -7.76805555556     0.0109854728433     8201 
32.3008333333     6.59972222222     0.0100188703085     8214 
32.3075     25.5711111111     0.00693136477305     8220 
32.3683333333     -9.68027777778     0.0195352401668     8232 
32.3695833333     -6.215     0.0107354129523     8234 
32.375     21.2341666667     0.0129068051834     8245 
32.4358333333     7.31777777778     0.00777711918885     8255 
32.4554166667     -7.7825     0.0097908129774     8258 
32.53625     7.64388888889     0.0135150841717     8281 
32.525     25.6808333333     0.011503202228     8292 
32.5675     7.845     0.0155173928366     8293 
32.5620833333     -9.71083333333     0.0204559076716     8295 
32.575     1.21138888889     0.00760009034315     8302 
32.6575     5.87055555556     0.00693136477305     8318 
32.6825     6.75805555556     0.0190905638112     8332 
32.72     -2.80722222222     0.0109854728433     8339 
32.76625     6.66638888889     0.00935015380455     8353 
32.75     -0.649722222222     0.00457950729131     8356 
32.7854166667     3.8525     0.0195352401668     8360 
32.80125     3.78166666667     0.0079582715661     8368 
32.8058333333     -1.48611111111     0.00956794686495     8369 
32.8779166667     13.9163888889     0.0155173928366     8391 
32.8966666667     31.51     0.00956794686495     8393 
32.9233333333     -9.30472222222     0.0129068051834     8397 
32.925     14.3047222222     0.0085274416194     8399 
32.95     14.0005555556     0.0102522397773     8406 
32.975     14.1005555556     0.0135150841717     8412 
33.05     -2.13583333333     0.0102522397773     8435 
33.0825     -0.8125     0.00956794686495     8439 
33.175     13.9794444444     0.0087260712512     8464 
33.3154166667     -7.66277777778     0.0141520304655     8502 
33.39     25.8519444444     0.00913731831945     8520 
33.4     13.7186111111     0.00661940196925     8522 
33.4066666667     -0.7175     0.0107354129523     8526 
33.4358333333     24.8888888889     0.0079582715661     8535 
33.4375     4.10194444444     0.00408149016957     8537 
33.5716666667     7.58805555556     0.0107354129523     8571 
33.5983333333     7.86111111111     0.0097908129774     8575 
33.61375     1.47527777778     0.0089293275615     8582 
33.6404166667     -0.766666666667     0.00913731831945     8586 
33.8354166667     22.0005555556     0.0162487050305     8624 
33.8641666667     6.00138888889     0.0398858411066     8631 
33.9     1.65138888889     0.0072580299308     8635 
33.975     1.78166666667     0.0109854728433     8653 
33.9945833333     -0.714722222222     0.0104910451192     8659 
34.2245833333     2.20305555556     0.00833333335     8707 
34.2320833333     5.29222222222     0.00777711918885     8714 
34.2708333333     1.24416666667     0.0097908129774     8718 
34.2991666667     1.70583333333     0.00269661381314     8725 
34.3     -5.43916666667     0.0109854728433     8726 
34.6095833333     5.65138888889     0.0129068051834     8802 
34.92125     -0.256388888889     0.00956794686495     8876 
35.1191666667     31.6836111111     0.00646872598485     8908 
35.1220833333     6.81083333333     0.0209323869711     8913 
35.2275     0.556944444444     0.00777711918885     8929 
35.4025     -5.52166666667     0.0302565046247     8974 
35.41375     6.76027777778     0.0087260712512     8977 
35.4     0.260277777778     0.0070928169992     8979 
35.5158333333     32.235     0.00760009034315     9002 
35.6258333333     -0.618611111111     0.0174108011253     9028 
35.875     26.5080555556     0.0089293275615     9079 
36.0508333333     5.37138888889     0.00742709116595     9118 
36.1179166667     1.83777777778     0.00693136477305     9128 
36.25     22.2063888889     0.0070928169992     9173 
36.3029166667     20.9508333333     0.00913731831945     9183 
36.4091666667     23.0     0.00693136477305     9214 
36.4091666667     24.9675     0.0112413573774     9219 
36.5295833333     -0.331111111111     0.0155173928366     9256 
36.575     -9.84583333333     0.0245934102714     9272 
36.6183333333     1.16083333333     0.0056340248062     9283 
36.65     22.7530555556     0.011503202228     9293 
36.6941666667     20.4986111111     0.0190905638112     9302 
36.7279166667     25.0336111111     0.00760009034315     9309 
36.7333333333     20.535     0.00742709116595     9313 
36.8854166667     25.6680555556     0.0104910451192     9351 
36.8858333333     -0.245555555556     0.0107354129523     9352 
36.9066666667     -1.15472222222     0.0389779285185     9359 
