20.925       6.71444444444       20.9324309       +6.6941004       0.00536200033553       5101 
20.8779166667       11.2911111111       20.8779982       +11.2910259       0.0156610832556       5103 
20.925       11.5077777778       20.9442026       +11.5091676       0.0144443255987       5105 
20.9495833333       33.0558333333       20.9494040       +33.0554158       0.0043713759821       5108 
20.9495833333       33.1563888889       20.9563814       +33.1562381       0.0124888998577       5110 
20.9941666667       33.3133333333       20.9938259       +33.3132294       0.00214133051727       5129 
20.9995833333       33.9080555556       20.9990950       +33.9079108       0.00722875145882       5132 
21.0166666667       12.9163888889       21.0164392       +12.9168693       0.0228652686679       5139 
21.025       43.2330555556       21.0015668       +43.2265071       0.013532246118       5146 
21.025       9.93305555556       21.0357662       +9.9303951       0.00572882867688       5147 
21.0345833333       9.55138888889       21.0336230       +9.5517632       0.0216405596189       5148 
21.0166666667       27.0469444444       21.0167252       +27.0470647       0.00781793815597       5150 
21.07375       9.33194444444       21.0737548       +9.3310083       0.0402540673691       5161 
21.075       -1.74861111111       21.0810749       -1.7460996       0.00369010151394       5164 
21.0908333333       32.2238888889       21.0908729       +32.2238962       0.00427913068935       5165 
21.1       9.89055555556       21.1098131       +9.8866324       0.00713129582437       5172 
21.1125       33.7991666667       21.1116634       +33.7994311       0.0035634219988       5174 
21.125       15.7663888889       21.1249803       +15.7672476       0.00425930668146       5181 
21.12       -1.64194444444       21.1193367       -1.6412676       0.00217841561918       5182 
21.1225       -4.55166666667       21.1227704       -4.5515710       0.00478816059892       5187 
21.1425       1.73166666667       21.1406567       +1.7312814       0.020338163303       5190 
21.125       2.02305555556       21.1371456       +2.0024742       0.0044379402807       5192 
21.1445833333       3.79694444444       21.1421233       +3.7968900       0.0270802347747       5193 
21.1425       16.5363888889       21.1425924       +16.5369739       0.0166416176589       5194 
21.1533333333       21.8822222222       21.1536027       +21.8833468       0.0101792939803       5197 
21.15       7.73222222222       21.1460388       +7.7210207       0.00500815349682       5198 
21.1608333333       33.4730555556       21.1604258       +33.4727599       0.00802682457796       5201 
21.1       3.88333333333       21.1014005       +3.8824435       0.00523767033102       5208 
21.1729166667       -1.58666666667       21.1736655       -1.5871753       0.00754344873425       5210 
21.175       9.75333333333       21.1866281       +9.7622399       0.00179754498858       5213 
21.1825       33.4297222222       21.182       33.42944       0.0125994989515       5214 
21.1883333333       32.1658333333       21.1874888       +32.1656546       0.0152082203624       5217 
21.1904166667       9.99416666667       21.1910108       +9.9946483       0.0106564245295       5218 
21.175       1.0275       21.1713452       +1.0467423       0.0032636897377       5220 
21.1991666667       9.53916666667       21.1989079       +9.5388616       0.0174385949571       5222 
21.2070833333       32.2347222222       21.2068963       +32.2345331       0.00629830991688       5226 
21.2       -1.49       21.2212839       -1.4966575       0.00401378883468       5228 
21.21875       -1.61777777778       21.2180758       -1.6170139       0.00404305135212       5231 
21.21875       9.70222222222       21.2205219       +9.7034499       0.0194383688831       5232 
21.25       0.435       21.2594775       +0.4435101       0.00560292843235       5238 
21.275       8.69       21.2817474       +8.6995154       0.00359761137313       5245 
21.305       14.8722222222       21.3054476       +14.8725872       0.00447220273984       5250 
21.275       2.05555555556       21.3032878       +2.0668423       0.00452026882993       5251 
21.275       2.28888888889       21.2869132       +2.3012438       0.00282590346968       5252 
21.3       -1.50166666667       21.3240724       -1.5171639       0.0082858625884       5258 
21.3420833333       14.8383333333       21.34226       14.83857       0.00899915201535       5271 
21.3216666667       9.265       21.3221390       +9.2643556       0.0140397057511       5264 
21.3320833333       34.0244444444       21.3428734       +34.0257070       0.0150710617793       5268 
21.3483333333       14.5194444444       21.3487139       +14.5200151       0.0293352116457       5270 
21.3533333333       14.8633333333       21.352       14.86455       0.0088352631556       5271 
21.35       7.54666666667       21.3664106       +7.5534747       0.00180844184048       5273 
21.3591666667       -1.55138888889       21.3586214       -1.5506061       0.00564351139193       5275 
21.35       10.8013888889       21.3499825       +10.7973381       0.00369828356725       5276 
21.38       -1.40916666667       21.3798348       -1.4081272       0.00517058681786       5282 
21.38125       1.75972222222       21.3811387       +1.7593545       0.0214542716886       5283 
21.38125       32.1361111111       21.3808772       +32.1362036       0.0110100724391       5284 
21.375       -1.48611111111       21.3746675       -1.4774057       0.00218948768857       5289 
21.3904166667       33.6711111111       21.3899364       +33.6713473       0.00901710352912       5290 
21.375       0.121111111111       21.3500066       +0.1130624       0.00272239506573       5291 
21.4016666667       18.0622222222       21.4019177       +18.0626233       0.00415586119758       5294 
21.3941666667       14.975       21.3942140       +14.9753393       0.0161214755597       5298 
21.4179166667       34.7130555556       21.4178744       +34.7130651       0.0141583673023       5299 
21.435       -1.37833333333       21.4343626       -1.3795481       0.00983926382662       5305 
21.425       -1.445       21.4344970       -1.4566684       0.00878345304553       5307 
21.45875       -1.29388888889       21.4583511       -1.2927486       0.0030277995575       5311 
21.45       -1.32361111111       21.4581129       -1.3222539       0.0018989395414       5314 
21.45       1.48361111111       21.4685552       +1.5026694       0.00301379115658       5316 
21.485       16.6019444444       21.4845321       +16.6018283       0.00517409309323       5321 
21.4975       -1.33944444444       21.49633       -1.34022       0.0116897000179       5323 
21.5033333333       -1.34388888889       21.50258       -1.3451       0.00573700085916       5324 
21.51125       -1.22666666667       21.5104491       -1.2255270       0.00433631693557       5326 
21.5129166667       11.4441666667       21.5125340       +11.4428313       0.0144181444712       5328 
21.4908333333       -3.98222222222       21.4680702       -3.9379571       0.0233308029738       5329 
21.5       0.332222222222       21.5183037       +0.3190901       0.00640608689041       5330 
21.5       33.405       21.5185037       +33.3928586       0.00210502811729       5333 
21.57875       34.7544444444       21.5784695       +34.7541804       0.00851808111037       5340 
21.575       -6.07111111111       21.5605305       -6.0935455       0.0191671560388       5341 
21.575       9.92111111111       21.5928763       +9.9113560       0.00447726886246       5343 
21.59       34.7038888889       21.5907       34.70302       0.0154735209316       5340 
21.5916666667       6.27611111111       21.5970303       +6.2767436       0.00452026882993       5345 
21.6       -8.07583333333       21.5866952       -8.0882618       0.00178404211202       5348 
21.605       -1.63944444444       21.6046175       -1.6386842       0.00697704108858       5351 
21.6291666667       34.6755555556       21.6285046       +34.6754231       0.0215801364055       5360 
21.6404166667       31.6127777778       21.6401024       +31.6162333       0.00433631693557       5364 
21.625       0.565555555556       21.6230560       +0.5537953       0.00265551210469       5366 
21.6570833333       48.3933333333       21.6569027       +48.3934736       0.0089575751636       5368 
21.65       10.2766666667       21.6399637       +10.2813076       0.00490324630064       5370 
21.6758333333       2.02166666667       21.6773325       +2.0222048       0.0329249957933       5374 
21.675       -0.9975       21.6703085       -1.0057592       0.0024550112862       5380 
21.6829166667       17.2641666667       21.6833842       +17.2644692       0.0198161323129       5382 
21.7       46.7808333333       21.6940074       +46.7759859       0.0124964003358       5386 
21.7025       12.0241666667       21.7028351       +12.0241178       0.0139709676208       5392 
21.7266666667       19.2141666667       21.7268919       +19.2144960       0.0109990857107       5395 
21.7725       18.5983333333       21.7729553       +18.5987866       0.00392661731903       5403 
21.7891666667       14.7758333333       21.7897070       +14.7761077       0.00549039797291       5411 
21.8025       13.6027777778       21.8045691       +13.6029496       0.00495567253339       5415 
21.8083333333       -21.7727777778       21.8064829       -21.7736833       0.0131178151858       5422 
21.8383333333       11.9755555556       21.8384818       +11.9757921       0.00427842427074       5423 
21.8       -1.25888888889       21.8106153       -1.2692692       0.00234867189237       5424 
21.8170833333       -1.97194444444       21.8173740       -1.9709259       0.00166212627109       5425 
21.8566666667       -1.91194444444       21.8558428       -1.9129831       0.00806701623428       5430 
21.8566666667       14.8186111111       21.8774170       +14.8198937       0.0016748075273       5433 
21.885       19.1775       21.8855049       +19.1788339       0.00307141004543       5435 
21.875       -1.09416666667       21.8942363       -1.1106290       0.00265323464963       5436 
21.875       -4.68277777778       21.8875221       -4.6835889       0.00564163651564       5437 
21.895       31.5547222222       21.8951112       +31.5547303       0.0122729632138       5440 
21.9       -1.12138888889       21.8949884       -1.1116075       0.00241153433588       5449 
21.9195833333       37.1830555556       21.9195461       +37.1826094       0.0372895633001       5450 
21.9445833333       43.1544444444       21.9445141       +43.1543747       0.00504483494552       5453 
21.95125       -1.87944444444       21.9508221       -1.8794223       0.00809954842702       5455 
21.9533333333       48.8194444444       21.9532554       +48.8192091       0.0259184989891       5457 
21.95       43.2527777778       21.9480938       +43.2520654       0.00851453190975       5460 
21.9795833333       -2.04138888889       21.9793146       -2.0403773       0.00691524993552       5465 
22.0033333333       32.0327777778       22.0034406       +32.0332521       0.00564351139193       5473 
22.0225       38.2155555556       22.0222758       +38.2152459       0.0121282818184       5475 
22.0254166667       49.2413888889       22.0250685       +49.2412844       0.00826522619934       5476 
22.025       10.4247222222       22.0531743       +10.4333021       0.00334690683554       5479 
22.0420833333       -1.30638888889       22.0423927       -1.3060399       0.00611347268849       5481 
22.0541666667       -1.91666666667       22.0542684       -1.9157043       0.0119405368748       5484 
22.1016666667       16.4588888889       22.1018193       +16.4592703       0.00973875735508       5486 
22.0725       28.9880555556       22.0693680       +28.9888508       0.00311101123716       5488 
22.0783333333       34.3086111111       22.0779824       +34.3087095       0.00929782836564       5489 
22.09125       2.51333333333       22.0906927       +2.5130998       0.0270940717177       5492 
22.1075       -2.59       22.1065342       -2.5880476       0.00584038796987       5498 
22.1233333333       48.3869444444       22.1221044       +48.3876903       0.0198708921545       5502 
22.125       -1.72027777778       22.1388460       -1.7330641       0.00172635208441       5506 
22.1975       16.6880555556       22.1981673       +16.6891487       0.00406987616693       5516 
22.20125       34.3463888889       22.2026286       +34.3458842       0.0109385996154       5518 
22.2145833333       2.44694444444       22.2144344       +2.4464177       0.0105196827547       5524 
22.2216666667       13.7933333333       22.2219349       +13.7936732       0.00669381367108       5527 
22.2454166667       -0.949166666667       22.2443016       -0.9491058       0.0100806786492       5539 
22.2470833333       -0.561666666667       22.2481903       -0.5619387       0.00613592744773       5540 
22.25       -2.41166666667       22.2516457       -2.4259176       0.00322174424515       5543 
22.2625       32.3322222222       22.2623079       +32.3323250       0.0114572616367       5545 
22.2808333333       11.1308333333       22.27983       11.13147       0.00405648593305       5555 
22.3016666667       39.4263888889       22.3016931       +39.4265368       0.0130247409104       5550 
22.3054166667       33.6683333333       22.3053117       +33.6683337       0.00278224714384       5552 
22.3       11.135       22.29616       11.14069       0.00482807965356       5555 
22.3366666667       32.0636111111       22.3360293       +32.0643506       0.00353959182558       5563 
22.375       50.3972222222       22.4008027       +50.4055472       0.00432375192125       5568 
22.4333333333       -1.24111111111       22.4332955       -1.2414567       0.00605909210641       5574 
22.425       -1.97388888889       22.4420203       -1.9835781       0.00378711963249       5577 
22.4445833333       45.5988888889       22.4460111       +45.5991245       0.0112028893905       5579 
22.4479166667       -6.98       22.4484754       -6.9800307       0.00674262911674       5581 
22.45       51.9466666667       22.4194589       +51.9380720       0.0033396741813       5582 
22.445       -2.70388888889       22.4450063       -2.7041044       0.00658386070507       5583 
22.4833333333       32.5013888889       22.4835575       +32.5010833       0.00622202247433       5587 
22.5004166667       40.9738888889       22.4994909       +40.9739908       0.00981635085218       5589 
22.52       33.3094444444       22.5193582       +33.3116211       0.00338774891287       5594 
22.5108333333       2.85222222222       22.5107420       +2.8526609       0.00431535491979       5596 
22.5304166667       25.8622222222       22.5320659       +25.8640751       0.00917494597723       5600 
22.5825       17.0211111111       22.5829552       +17.0215824       0.0210395091733       5611 
22.6475       19.6083333333       22.6476566       +19.6085754       0.0102634248625       5621 
22.6545833333       22.2686111111       22.6576386       +22.2664498       0.00612532721562       5623 
22.67       -1.9925       22.6695611       -1.9947023       0.00945402134013       5628 
22.69375       21.4397222222       22.6948015       +21.4402656       0.0415549752563       5634 
22.7058333333       41.2569444444       22.7055347       +41.2572221       0.00742613516843       5638 
22.7108333333       25.915       22.7095344       +25.9150371       0.00257636318049       5640 
22.73       17.1880555556       22.7300595       +17.1884725       0.0109559942569       5643 
22.7420833333       14.1080555556       22.7424441       +14.1084285       0.00848376935405       5645 
22.8008333333       -1.48833333333       22.8010875       -1.4884736       0.00981527308825       5655 
22.8091666667       9.94055555556       22.7937925       +9.9510402       0.0033446483112       5656 
22.825       7.79055555556       22.8283344       +7.7877665       0.00512920854602       5661 
22.8370833333       -6.86833333333       22.83645       -6.86805       0.0238741114296       5663 
22.825       23.9516666667       22.8417959       +23.9538268       0.00352032568526       5664 
22.8608333333       14.2772222222       22.8612490       +14.2773270       0.00841005516888       5673 
22.8945833333       34.7830555556       22.8945534       +34.7827797       0.0127798122987       5676 
22.90375       -6.89444444444       22.9035277       -6.8937364       0.00840178480885       5679 
22.9       8.44444444444       22.8998347       +8.4277340       0.00223255025574       5680 
22.9270833333       -0.931944444444       22.9255350       -0.9329870       0.0136704721714       5688 
22.9445833333       33.6152777778       22.9435656       +33.6159701       0.0262941494132       5691 
22.96375       17.565       22.9641417       +17.5650077       0.0073928883686       5693 
22.9925       33.4766666667       22.9917831       +33.4764432       0.0107218865538       5702 
23.0095833333       33.2086111111       23.00958       33.20737       0.0055046930449       5711 
23.0183333333       33.1786111111       23.0178060       +33.1789254       0.0148592898253       5711 
23.0358333333       32.1033333333       23.0355360       +32.1034071       0.0113731916414       5715 
23.065       12.4680555556       23.0520613       +12.4650517       0.00863176042203       5716 
23.05       21.4       23.0671700       +21.4108970       0.0169897027405       5725 
23.0858333333       -7.85944444444       23.08537       -7.85955       0.00415586119758       5735 
23.08625       -7.87416666667       23.09295       -7.87319       0.0133036006665       5735 
23.1216666667       4.59583333333       23.1228635       +4.6017245       0.0061467552739       5744 
23.1483333333       41.9866666667       23.1474183       +41.9868781       0.00658684413723       5753 
23.15       11.8366666667       23.1661944       +11.8296497       0.00837295471677       5757 
23.1666666667       4.64333333333       23.1662574       +4.6431473       0.00750387666636       5759 
23.17875       18.3158333333       23.1772595       +18.3169469       0.0166212627109       5761 
23.2170833333       -7.0325       23.2162820       -7.0315387       0.0183667680713       5766 
23.225       -0.686388888889       23.2054468       -0.6734326       0.0022128318986       5771 
23.25       0.186388888889       23.2497282       +0.1886315       0.00169365138743       5776 
23.2729166667       -7.31277777778       23.2718987       -7.3120779       0.0226256709667       5777 
23.3233333333       13.3319444444       23.3238214       +13.3322141       0.00825205043295       5792 
23.3279166667       3.07027777778       23.3273903       +3.0707560       0.006055599115       5794 
23.3691666667       44.9408333333       23.3690210       +44.9413133       0.0134323691596       5796 
23.3675       17.4072222222       23.3676626       +17.4077751       0.00435474945219       5797 
23.3775       19.0288888889       23.3778603       +19.0294300       0.00422439082231       5799 
23.375       -1.08527777778       23.3833253       -1.0864420       0.00347712986918       5803 
23.39375       12.5861111111       23.3935733       +12.5856409       0.00345270416881       5805 
23.4208333333       44.9291666667       23.42       44.92869       0.0139849151837       5796 
23.4254166667       3.54333333333       23.4244771       +3.5428958       0.0127333711185       5810 
23.4595833333       17.2311111111       23.4595768       +17.2312524       0.00630550442471       5822 
23.5104166667       -1.07722222222       23.5102       -1.0757       0.0115566845805       5830 
23.5329166667       -1.03222222222       23.5331904       -1.0322279       0.0065645504575       5838 
23.5820833333       29.2641666667       23.5822399       +29.2645504       0.0105181023275       5853 
23.675       -6.98444444444       23.6834618       -7.0127595       0.00344437752355       5870 
23.71       21.4166666667       23.7086474       +21.4184178       0.0072822838394       5874 
23.7191666667       12.0772222222       23.7192349       +12.0775164       0.00594680704007       5876 
23.725       55.4211111111       23.7221235       +55.4036954       0.00377152401524       5879 
23.7425       1.33555555556       23.7427268       +1.3359669       0.00472940793706       5884 
23.7616666667       4.38111111111       23.7616450       +4.3809332       0.0157192615599       5892 
23.7741666667       -7.34083333333       23.7736604       -7.3405340       0.0242997026079       5897 
23.8183333333       34.4727777778       23.8187594       +34.4722587       0.0243332022669       5904 
23.8033333333       5.50611111111       23.8033034       +5.5065792       0.00560292843235       5907 
23.8454166667       4.87055555556       23.8453225       +4.8705311       0.012040738941       5911 
23.8675       33.6566666667       23.8675864       +33.6567229       0.0143602727331       5913 
23.88125       47.5494444444       23.8812196       +47.5492225       0.00793383969222       5916 
23.8804166667       11.9527777778       23.8805284       +11.9532585       0.00393584376759       5922 
23.9629166667       -10.0027777778       23.9628421       -10.0029967       0.00768850735042       5932 
23.9679166667       33.6813888889       23.9676880       +33.6819255       0.00828130144561       5933 
23.9995833333       0.663888888889       24.0006468       +0.6634056       0.010965370377       5939 
24.0183333333       11.6894444444       24.0066936       +11.7116231       0.0096439436507       5945 
24.1004166667       10.5358333333       24.1003258       +10.5360857       0.00309542686244       5954 
24.15       -1.38111111111       24.1661617       -1.3955925       0.00860844243258       5971 
24.17375       15.7833333333       24.1858495       +15.7420120       0.0563880963146       5974 
24.19625       5.83527777778       24.1961847       +5.8354485       0.00952520998666       5983 
24.2341666667       31.9852777778       24.2343591       +31.9853807       0.00410721017545       5986 
24.28       4.88527777778       24.2805051       +4.8848357       0.0132113777024       5998 
24.3141666667       -9.19777777778       24.3140049       -9.1975115       0.00796957104064       6004 
24.3370833333       14.4627777778       24.3375344       +14.4628155       0.00382958146149       6005 
24.3208333333       28.8902777778       24.3204678       +28.8903123       0.01376928062       6006 
24.3233333333       5.8775       24.3230492       +5.8774064       0.00914574393165       6007 
24.4245833333       32.6652777778       24.4175717       +32.6554135       0.00270513105874       6032 
24.51375       32.4941666667       24.5143617       +32.4942299       0.0210796965526       6045 
24.58125       7.53361111111       24.5870430       +7.5341305       0.0168719642963       6061 
24.63125       28.7233333333       24.6303478       +28.7233969       0.00523767033102       6074 
24.66625       -17.8330555556       24.6657377       -17.8311278       0.0163657979614       6083 
24.6958333333       1.07194444444       24.6975383       +1.0717761       0.00501599334694       6090 
24.7258333333       -7.76722222222       24.7302295       -7.7655248       0.00540718850156       6101 
24.7775       -7.51305555556       24.7772156       -7.5127886       0.0163548051825       6110 
24.825       48.7641666667       24.8253006       +48.7644984       0.0159654794892       6124 
24.9079166667       7.23777777778       24.9076362       +7.2374307       0.00462928622417       6145 
24.91       5.78333333333       24.9105413       +5.7829847       0.00469766550959       6147 
24.9358333333       15.8997222222       24.9366762       +15.8990939       0.00420862009051       6150 
24.95       -2.03305555556       24.9462733       -2.0361909       0.00480328711473       6153 
24.9841666667       -9.24277777778       24.9840890       -9.2424154       0.00786669414955       6155 
24.9854166667       11.0961111111       24.9854647       +11.0966125       0.00941076061385       6159 
25.0366666667       5.72777777778       25.0370565       +5.7260666       0.0152063321363       6172 
25.025       15.9111111111       25.0412       15.90472       0.0204189252089       6150 
25.1041666667       -7.90333333333       25.1060808       -7.9022876       0.00695969063316       6186 
25.11625       34.6255555556       25.1088296       +34.6099922       0.00170786906719       6189 
25.1170833333       -5.52166666667       25.1160537       -5.5206963       0.0108055691965       6190 
25.125       14.5225       25.1249731       +14.5230186       0.00381693210749       6193 
25.18       7.9825       25.1798737       +7.9826031       0.00439722907969       6208 
25.2316666667       49.2341666667       25.2311805       +49.2506438       0.0120266729458       6220 
25.2791666667       -5.56888888889       25.2786456       -5.5683980       0.0134462010259       6228 
25.3525       8.52555555556       25.3518570       +8.5253907       0.00458566070235       6235 
25.4291666667       27.5019444444       25.4435739       +27.5034584       0.00217702765114       6253 
25.47875       7.12111111111       25.4787412       +7.1212717       0.00481711136055       6263 
25.485       22.6888888889       25.4845800       +22.6898410       0.00393584376759       6265 
25.485       33.2597222222       25.4870989       +33.2597909       0.00591367693805       6266 
25.54125       12.6025       25.5402957       +12.6016964       0.0162292964693       6275 
25.5945833333       6.72305555556       25.5948886       +6.7232855       0.00402657043679       6288 
25.6133333333       13.9766666667       25.6123611       +13.9764536       0.0214232543315       6292 
25.615       26.1433333333       25.6135639       +26.1429822       0.00790005130617       6293 
25.6383333333       18.3055555556       25.6373881       +18.3052148       0.00644348849029       6294 
25.67625       -18.2283333333       25.6763262       -18.2270532       0.00734983338205       6301 
25.6770833333       8.17472222222       25.6765267       +8.1749348       0.00386298017765       6302 
25.7020833333       13.1561111111       25.7015225       +13.1553507       0.0120953400674       6309 
25.7       -6.13944444444       25.7120086       -6.1437468       0.00380463794127       6310 
25.715       31.4783333333       25.7150007       +31.4782066       0.0111281737523       6312 
25.7395833333       4.19972222222       25.7399978       +4.1998234       0.0239397298165       6316 
25.7595833333       13.6444444444       25.7572725       +13.6430531       0.0585077343633       6318 
25.7833333333       27.7508333333       25.7833044       +27.7508315       0.0045873082649       6326 
25.7995833333       4.27805555556       25.7995644       +4.2785684       0.00507529956227       6329 
25.80875       8.88944444444       25.8092382       +8.8896534       0.0164167854696       6332 
25.8254166667       22.4197222222       25.8282107       +22.4201176       0.00257636318049       6335 
25.8166666667       19.9652777778       25.8127550       +19.9751498       0.00819692344349       6337 
25.8829166667       2.07722222222       25.8829621       +2.0775397       0.0150641409713       6348 
25.9283333333       -4.00222222222       25.9282057       -4.0016372       0.00759416626407       6356 
25.9375       12.1633333333       25.9377000       +12.1638119       0.0279679391358       6358 
25.9416666667       4.22138888889       25.9408197       +4.2228999       0.00852871985029       6359 
25.9416666667       29.1658333333       25.9454263       +29.1663465       0.00695969063316       6360 
25.9795833333       13.8061111111       25.9797353       +13.8065959       0.0118029225862       6364 
25.9854166667       17.0638888889       25.9856229       +17.0618128       0.0090998554735       6366 
25.99       2.34916666667       25.9907766       +2.3498081       0.0062375484435       6367 
26.0333333333       34.3869444444       26.0337984       +34.3872777       0.0192678963954       6372 
26.0379166667       31.3205555556       26.0377657       +31.3210228       0.0046967002689       6373 
26.0608333333       28.7055555556       26.0607843       +28.7058620       0.0109186860926       6376 
26.0725       12.2541666667       26.0724984       +12.2544155       0.00451022749469       6377 
26.0866666667       17.4772222222       26.0859138       +17.4774875       0.00707598064203       6380 
26.1283333333       4.66833333333       26.1283294       +4.6686846       0.0047615735683       6388 
26.1283333333       17.1016666667       26.1384109       +17.1084630       0.00571482981228       6390 
26.1475       21.9283333333       26.1352616       +21.9308077       0.0074778505326       6395 
26.1629166667       -7.62027777778       26.1625775       -7.6197699       0.00910881937862       6400 
26.1720833333       4.89055555556       26.1736123       +4.8943520       0.00358414343115       6402 
26.1875       -4.13611111111       26.1873006       -4.1353327       0.00496298628358       6406 
26.1875       17.1077777778       26.1932958       +17.1095398       0.00183086654545       6408 
26.2058333333       21.8783333333       26.2083771       +21.8824972       0.0182057718579       6409 
26.23375       10.4225       26.2337       10.42302       0.0118586187509       6415 
26.225       -0.271388888889       26.2338597       -0.2679636       0.00221624413178       6419 
26.2570833333       10.3658333333       26.2578890       +10.3666019       0.0042699381316       6425 
26.2916666667       32.1230555556       26.2921883       +32.1232617       0.00921947723364       6434 
26.3179166667       10.6488888889       26.3177184       +10.6492829       0.00696750368485       6439 
26.31375       32.0616666667       26.3139015       +32.0615628       0.00349187640105       6440 
26.31375       4.61833333333       26.3306508       +4.6182767       0.00316495229305       6441 
26.3408333333       28.7208333333       26.3394775       +28.7227061       0.00847771040904       6443 
26.3558333333       -3.82722222222       26.3559508       -3.8274006       0.00592746115646       6447 
26.3716666667       10.5525       26.3718994       +10.5527403       0.00783087937263       6448 
26.36875       -10.0938888889       26.3686223       -10.0933234       0.00581679244152       6450 
26.375       25.5272222222       26.3849537       +25.5212970       0.00944634502409       6451 
26.3983333333       3.35694444444       26.3985776       +3.3576574       0.00537382518655       6454 
26.3983333333       23.4425       26.4045150       +23.4369308       0.00377592930097       6455 
26.4229166667       28.8055555556       26.4221412       +28.8054630       0.00517175584045       6459 
26.4791666667       9.8225       26.4790260       +9.8229453       0.0075901850495       6475 
26.5254166667       34.3738888889       26.5235482       +34.3706006       0.0022264494542       6483 
26.5420833333       6.43194444444       26.5425684       +6.4319886       0.00422474856384       6485 
26.58625       4.26444444444       26.5859391       +4.2642870       0.0225196175716       6500 
26.66       -8.68083333333       26.6592919       -8.6786465       0.00438208042212       6504 
26.60375       -8.63694444444       26.6045940       -8.6363429       0.00813622384795       6505 
26.65375       14.6911111111       26.6538389       +14.6918678       0.00496298628358       6516 
26.66375       -3.78027777778       26.6637025       -3.7800352       0.00545144771308       6518 
26.6908333333       18.5738888889       26.6913047       +18.5744240       0.0163323347628       6524 
26.705       24.4661111111       26.7064023       +24.4653157       0.00447490538565       6528 
26.7225       33.3894444444       26.7221138       +33.3897254       0.00665441264617       6534 
26.735       32.1102777778       26.7350831       +32.1098223       0.00968007601174       6540 
26.7416666667       28.7561111111       26.7413702       +28.7559590       0.0045873082649       6544 
26.7525       12.4047222222       26.7527378       +12.4054853       0.00601151408781       6545 
26.7479166667       13.1261111111       26.7465162       +13.1251823       0.00594807758961       6546 
26.85625       16.3463888889       26.8562858       +16.3466742       0.0107026994997       6569 
26.8541666667       27.8855555556       26.8536175       +27.8859012       0.0102012436461       6570 
26.8745833333       12.1033333333       26.8748101       +12.1040665       0.0181960568201       6573 
26.8779166667       27.3308333333       26.8727828       +27.3343664       0.0408660403522       6574 
26.9054166667       11.3436111111       26.9051491       +11.3440325       0.00419603286273       6580 
26.95       25.5747222222       26.9486000       +25.5734331       0.00335141931815       6586 
26.9504166667       -16.7225       26.9506818       -16.7218333       0.00514626967564       6587 
26.9729166667       27.4336111111       26.9612927       +27.4303099       0.0405329925201       6595 
27.095       11.5230555556       27.0939060       +11.5214059       0.012159270096       6624 
27.1391666667       13.4302777778       27.1396202       +13.4308141       0.00769400924761       6627 
27.1429166667       13.7013888889       27.1433369       +13.7014921       0.00474535876797       6628 
27.13875       12.6125       27.1381493       +12.6139021       0.0217752742155       6633 
27.13875       10.5708333333       27.1388186       +10.5710878       0.00460375146145       6634 
27.1583333333       13.7686111111       27.1581496       +13.7690933       0.00449209652837       6636 
27.1520833333       -10.3275       27.1517398       -10.3263661       0.0052713220008       6637 
27.2229166667       10.5213888889       27.22263       10.52159       0.00975844588247       6644 
27.18375       10.5080555556       27.1824643       +10.5078527       0.0040583483297       6644 
27.1945833333       20.2616666667       27.1936448       +20.2652966       0.0112630296318       6645 
27.2179166667       10.5891666667       27.2183109       +10.5898451       0.00431535491979       6654 
27.2395833333       5.90777777778       27.2386734       +5.9069898       0.0240251809604       6656 
27.25       13.2105555556       27.2503203       +13.2110893       0.0252756490242       6657 
27.285       -3.905       27.2850682       -3.9043490       0.00661294888864       6666 
27.2929166667       -10.0625       27.2937092       -10.0619199       0.0192235287594       6667 
27.2929166667       5.63944444444       27.3174981       +5.6659235       0.0043713759821       6668 
27.2983333333       12.8527777778       27.2983287       +12.8532798       0.00602883583971       6670 
27.2954166667       -10.4277777778       27.2954757       -10.4272852       0.0349649571056       6671 
27.3108333333       13.055       27.3085867       +13.0553109       0.0127798122987       6673 
27.3141666667       -3.68416666667       27.3145383       -3.6837627       0.0230896216351       6674 
27.3145833333       20.7113888889       27.3116934       +20.7104173       0.00887264482483       6675 
27.3379166667       12.7147222222       27.3382487       +12.7149976       0.0055419058284       6678 
27.3529166667       13.3686111111       27.3534293       +13.3688592       0.00401341228898       6687 
27.3554166667       21.9972222222       27.35358       21.9973       0.0200231060166       6690 
27.3754166667       12.5088888889       27.3745310       +12.5090142       0.0180236449035       6694 
27.385       32.5922222222       27.3814897       +32.5880353       0.0239717781687       6699 
27.425       22.3680555556       27.4362549       +22.3746166       0.00356808422404       6716 
27.4445833333       11.7011111111       27.4444244       +11.7014647       0.0117989525267       6718 
27.4475       21.9705555556       27.4469446       +21.9712338       0.0115081967971       6719 
27.46625       3.68194444444       27.4720766       +3.6823739       0.00507529956227       6726 
27.5154166667       16.4383333333       27.5154482       +16.4387348       0.00531898591627       6728 
27.5129166667       11.8119444444       27.5130431       +11.8123848       0.013701060974       6733 
27.4975       2.09111111111       27.4977388       +2.0916205       0.00544312446371       6734 
27.5       -6.49111111111       27.5000219       -6.4878125       0.00548488994787       6735 
27.5       -0.741111111111       27.4955358       -0.7509389       0.00415876942831       6741 
27.525       23.1411111111       27.5546010       +23.1587598       0.00863438631889       6750 
27.5454166667       2.30805555556       27.5444903       +2.3101812       0.00545643556848       6751 
27.5529166667       27.1969444444       27.5521729       +27.1961547       0.00903267726656       6756 
27.5595833333       27.6477777778       27.5578936       +27.6458200       0.018529628009       6759 
27.5645833333       33.4955555556       27.5643389       +33.4956660       0.00400587394219       6760 
27.62875       6.14472222222       27.6293146       +6.1449954       0.0117557076274       6778 
27.63875       32.4961111111       27.66887       32.49591       0.00253675629489       6802 
27.67125       33.7405555556       27.6710131       +33.7408244       0.00729783211097       6790 
27.67375       -3.93888888889       27.6733150       -3.9382366       0.0199849532773       6791 
27.67375       21.7597222222       27.6737464       +21.7594456       0.0218647610721       6793 
27.6791666667       33.0822222222       27.6787361       +33.0821142       0.00947063201349       6796 
27.6958333333       32.5469444444       27.6951413       +32.5463825       0.00524833564033       6802 
27.7216666667       18.3022222222       27.7217528       +18.3029147       0.00576511907227       6814 
27.7420833333       21.9972222222       27.7437       21.997       0.00692376800478       6816 
27.7579166667       13.2961111111       27.7586298       +13.2964692       0.00607478571309       6817 
27.7541666667       29.8025       27.7553432       +29.8015130       0.00504753039613       6823 
27.76625       -9.70388888889       27.7659993       -9.7027785       0.0155113707305       6826 
27.7641666667       12.5925       27.7642872       +12.5922419       0.00569681862421       6827 
27.78375       -9.79361111111       27.7829451       -9.7921163       0.00483058319516       6832 
27.7845833333       21.9138888889       27.7855815       +21.9133064       0.0127905691711       6833 
27.775       -1.04722222222       27.7940218       -1.0284498       0.00385044054569       6835 
27.7970833333       -3.49861111111       27.7967377       -3.4989317       0.00618034770038       6837 
27.8079166667       22.5830555556       27.8092268       +22.5824807       0.00834674143151       6844 
27.8220833333       22.3588888889       27.8228424       +22.3581422       0.0269925294008       6848 
27.8304166667       -4.05611111111       27.8292623       -4.0547642       0.00905256587701       6852 
27.8745833333       13.1311111111       27.8749127       +13.1320858       0.0146951423342       6855 
27.84875       33.0311111111       27.8480703       +33.0311776       0.00389065817352       6856 
27.8645833333       -8.50666666667       27.8629325       -8.5053700       0.00624553893992       6861 
27.85       11.8733333333       27.8399200       +11.8560435       0.00230187573073       6863 
27.8695833333       -6.51638888889       27.8682613       -6.5160902       0.00920750292291       6864 
27.9008333333       19.1030555556       27.9009125       +19.1033328       0.0275722366975       6872 
27.905       8.25694444444       27.9042       8.25661       0.00774803317747       6874 
27.9170833333       8.30027777778       27.9173885       +8.3004477       0.00408211196309       6876 
27.9308333333       30.385       27.9299444       +30.3851205       0.00558617985032       6884 
27.9520833333       0.263611111111       27.9521561       +0.2637577       0.00647624189241       6888 
27.94625       18.1872222222       27.9471768       +18.1875914       0.019961950923       6889 
27.9508333333       30.5433333333       27.9506353       +30.5433385       0.00800495410816       6892 
27.96625       17.0525       27.9667247       +17.0529121       0.00804807228552       6893 
27.9595833333       6.29555555556       27.9606106       +6.2964679       0.0108143770031       6897 
27.96       -5.49694444444       27.9601845       -5.4965198       0.0265031665144       6898 
28.0041666667       17.5347222222       28.0044720       +17.5351947       0.00556449428767       6902 
27.9808333333       8.83138888889       27.9804576       +8.8314656       0.00693794154675       6905 
28.0075       -5.50333333333       27.9745839       -5.5101333       0.00671590329369       6909 
28.11625       17.5130555556       28.1158220       +17.5126191       0.0267545881835       6940 
28.1266666667       31.9858333333       28.1265232       +31.9855320       0.0225411497655       6944 
28.1629166667       -18.7805555556       28.1659641       -18.7813529       0.0257979838764       6956 
28.2041666667       -3.44694444444       28.2042346       -3.4470790       0.0162278995797       6966 
28.2483333333       12.7077777778       28.2486662       +12.7084717       0.00909686554226       6982 
28.25       -1.08916666667       28.2635225       -1.0892687       0.00236853551947       6986 
28.3020833333       4.19666666667       28.3050698       +4.1956214       0.0150302935532       6993 
28.3095833333       22.7236111111       28.3091981       +22.7214167       0.00471179965548       6996 
28.3416666667       19.9533333333       28.3419799       +19.9538569       0.00505620596226       7004 
28.3416666667       28.9952777778       28.3417197       +28.9948256       0.00353788352827       7005 
28.4116666667       19.84       28.4119131       +19.8404968       0.0134367564149       7019 
28.4116666667       31.4736111111       28.4064937       +31.4804583       0.00344306094931       7021 
28.46125       14.7641666667       28.4613839       +14.7642760       0.0130423660509       7022 
28.4266666667       29.9336111111       28.4260407       +29.9331536       0.0156356829984       7023 
28.475       -0.751388888889       28.4855455       -0.7412671       0.0027751766187       7039 
28.5154166667       14.9094444444       28.5154824       +14.9096369       0.00677148165781       7042 
28.51375       -14.2536111111       28.5135429       -14.2530992       0.00668771493458       7045 
28.5       -0.753611111111       28.4975948       -0.7504342       0.00570291700991       7046 
28.5541666667       7.88333333333       28.5548987       +7.8837556       0.0065606355159       7053 
28.55625       18.1011111111       28.5563894       +18.1018377       0.015884433514       7059 
28.60125       13.5408333333       28.6016732       +13.5411743       0.00462144440111       7063 
28.5754166667       -9.71472222222       28.5750672       -9.7136574       0.0111784452694       7064 
28.5933333333       -0.628055555556       28.5932760       -0.6284061       0.00183086654545       7071 
28.6       5.42166666667       28.6001016       +5.4217623       0.00528706715277       7072 
28.63       17.6738888889       28.6303151       +17.6743603       0.0138108166752       7073 
28.60125       4.80361111111       28.6012272       +4.8038958       0.00585176267393       7076 
28.64375       16.8658333333       28.6444470       +16.8659428       0.00457642339084       7082 
28.6358333333       20.0644444444       28.6358414       +20.0644201       0.0273581850871       7085 
28.6558333333       17.075       28.6562653       +17.0755790       0.00400247705408       7088 
28.65       -0.158333333333       28.6614434       -0.1482772       0.00482306867177       7090 
28.6704166667       6.03444444444       28.6706336       +6.0348433       0.00484308149081       7096 
28.6954166667       20.6980555556       28.6959921       +20.6981067       0.0138498277356       7098 
28.6983333333       18.1419444444       28.6985456       +18.1423335       0.0128678471622       7104 
28.7479166667       13.4825       28.7483030       +13.4828908       0.0043498880766       7114 
28.7258333333       0.811666666667       28.7259868       +0.8114228       0.00236470396853       7116 
28.7341666667       -9.01083333333       28.7341616       -9.0107662       0.0230156713001       7118 
28.82125       10.0113888889       28.8160801       +10.0136677       0.00617447609962       7150 
28.8525       21.2858333333       28.8528385       +21.2862158       0.00843248800459       7163 
28.8425       6.61138888889       28.8414221       +6.6115130       0.00599136820646       7164 
28.8425       24.1444444444       28.8538466       +24.1398075       0.00427877749462       7170 
28.9025       21.3175       28.9025506       +21.3176683       0.00457345029271       7180 
28.9220833333       23.0722222222       28.9225986       +23.0724053       0.00268944251101       7192 
28.9220833333       31.4183333333       28.9223150       +31.4180633       0.00255101452219       7193 
28.9708333333       18.0441666667       28.9709756       +18.0444721       0.00379986823032       7209 
28.9645833333       -9.96694444444       28.9634922       -9.9666397       0.00619085372489       7210 
28.9741666667       32.9902777778       28.9740734       +32.9896815       0.0144647139815       7214 
28.9883333333       1.285       28.9880940       +1.2851953       0.00529620642865       7217 
29.0370833333       17.6408333333       29.0372206       +17.6415098       0.00440135148286       7229 
29.04625       6.745       29.0462045       +6.7447748       0.00423903346872       7235 
29.0504166667       5.58888888889       29.0500541       +5.5886021       0.00451022749469       7237 
29.07       4.64666666667       29.0703460       +4.6471280       0.00644090795123       7243 
29.0633333333       13.1655555556       29.0634473       +13.1658979       0.00413325302826       7246 
29.0666666667       3.76138888889       29.0670879       +3.7618215       0.0161213818146       7249 
29.0870833333       5.62888888889       29.08763       5.62893       0.019472703397       7252 
29.09125       -4.46777777778       29.0908471       -4.4676861       0.0130330926323       7259 
29.0945833333       -9.06194444444       29.0935441       -9.0620674       0.021307317325       7262 
29.0770833333       4.07583333333       29.0773116       +4.0762971       0.011024475904       7266 
29.1779166667       17.7111111111       29.1781278       +17.7110199       0.00361562992263       7281 
29.1604166667       10.3113888889       29.1605513       +10.3114072       0.0053374226645       7285 
29.17125       33.0438888889       29.1702748       +33.0435078       0.00972120569238       7289 
29.18125       15.0147222222       29.1812404       +15.0151220       0.0050319367526       7292 
29.19875       -3.7375       29.1984074       -3.7371414       0.00648766651752       7301 
29.2091666667       31.7038888889       29.2094567       +31.7031792       0.0043016748332       7304 
29.2233333333       -2.01944444444       29.2220871       -2.0189604       0.00778830520599       7306 
29.2283333333       33.2669444444       29.2278599       +33.2666861       0.00840070546597       7312 
29.2291666667       33.015       29.2288883       +33.0150487       0.00917758113086       7316 
29.23875       -0.641666666667       29.2285428       -0.6402755       0.00713659199727       7321 
29.2404166667       -5.40305555556       29.2407040       -5.4028793       0.00645754600498       7322 
29.2445833333       6.03638888889       29.2446020       +6.0367857       0.00501629463494       7325 
29.2445833333       -0.0863888888889       29.2523912       -0.0897476       0.00434745535028       7326 
29.25       -0.469722222222       29.2661494       -0.4589272       0.00255574958802       7328 
29.2783333333       32.7888888889       29.2783696       +32.7886995       0.00445357765224       7333 
29.2908333333       14.5497222222       29.2907454       +14.5499452       0.00681841140859       7341 
29.3308333333       28.59       29.3304585       +28.5893368       0.0081875149422       7353 
29.3408333333       5.61       29.3402647       +5.6100770       0.00560805104922       7355 
29.3575       17.2175       29.3615972       +17.2206470       0.00463418062507       7359 
29.3729166667       19.9188888889       29.3730644       +19.9192709       0.00910467051966       7362 
29.3770833333       -9.4625       29.3768869       -9.4624513       0.0139128652101       7366 
29.375       -2.09583333333       29.3880224       -2.1021520       0.00361771927844       7368 
29.3866666667       33.2066666667       29.38637       33.20927       0.00869438924058       7370 
29.3870833333       33.2044444444       29.3874       33.203       0.00754825552025       7370 
29.39875       19.8763888889       29.3802432       +19.8744416       0.00786880712249       7371 
29.4008333333       16.7711111111       29.4005359       +16.7725730       0.00891258318756       7377 
29.4225       -5.67583333333       29.4222820       -5.6753030       0.00735003900343       7385 
29.4516666667       27.8652777778       29.4569995       +27.8474708       0.00479604494577       7394 
29.4570833333       33.3766666667       29.4566627       +33.3769365       0.00871366247672       7395 
29.4991666667       4.39472222222       29.4994168       +4.3952220       0.0199598309519       7406 
29.5125       3.36944444444       29.5130738       +3.3702631       0.00666144943046       7411 
29.5275       3.08611111111       29.5222893       +3.0834822       0.00641457427555       7417 
29.5358333333       2.06166666667       29.5356514       +2.0642855       0.00710581924699       7420 
29.5583333333       19.0997222222       29.5584467       +19.0999411       0.00448671031956       7421 
29.6       22.1338888889       29.6252301       +22.1176474       0.00282590346968       7441 
29.625       25.3594444444       29.6254451       +25.3599575       0.033836466909       7445 
29.6454166667       3.25777777778       29.6473952       +3.2579710       0.00832516679525       7458 
29.65       -1.45666666667       29.6495677       -1.4571866       0.010264308333       7460 
29.66875       0.529444444444       29.6706671       +0.5296303       0.00994073057591       7465 
29.6754166667       8.34833333333       29.6749134       +8.3468332       0.011054046874       7468 
29.675       24.665       29.6905282       +24.6447506       0.00304918715492       7470 
29.6983333333       24.8913888889       29.7001200       +24.8921318       0.0189413438158       7475 
29.7220833333       5.59361111111       29.7224241       +5.5941535       0.00514156881175       7478 
29.7120833333       -9.58694444444       29.7117113       -9.5871814       0.00596000751589       7483 
29.7       0.553611111111       29.6989113       +0.5501971       0.00229398356213       7484 
29.7175       -8.16611111111       29.7160443       -8.1617852       0.0269788644515       7485 
29.775       25.3863888889       29.7892328       +25.3855920       0.00946201088042       7506 
29.7829166667       1.88777777778       29.7814687       +1.8913110       0.00789277844203       7508 
29.7829166667       0.104444444444       29.7969212       +0.1098079       0.00507768121401       7511 
29.805       18.955       29.8068262       +18.9545750       0.0221529605843       7517 
29.8245833333       18.0094444444       29.8248991       +18.0099008       0.0110712601317       7519 
29.8245833333       24.4208333333       29.8158913       +24.4167721       0.00342898603724       7521 
29.8345833333       19.0061111111       29.83158       19.00752       0.0528318103369       7525 
29.87875       13.9436111111       29.8790087       +13.9438303       0.00735003900343       7533 
29.8958333333       14.0083333333       29.8946886       +14.0083610       0.0085751972687       7536 
29.9008333333       30.9097222222       29.8996770       +30.9097251       0.0193511727409       7537 
29.9       -5.35972222222       29.8921458       -5.3473919       0.00382484285609       7538 
29.9095833333       27.4327777778       29.9089464       +27.4338560       0.0043185057087       7540 
29.9275       -5.96472222222       29.9276246       -5.9642055       0.0259698773607       7544 
29.9283333333       32.0844444444       29.9282891       +32.0815613       0.00508303585032       7545 
29.9579166667       -7.06083333333       29.95779       -7.05927       0.0074271526563       7557 
29.9633333333       -6.84111111111       29.9634753       -6.8404575       0.011986015174       7554 
29.9658333333       7.41166666667       29.9657915       +7.4118064       0.0040835925986       7556 
29.9675       -7.08833333333       29.9676260       -7.0867071       0.00647834180337       7557 
29.9779166667       23.6436111111       29.9775923       +23.6445549       0.0115460870966       7560 
29.9816666667       24.3113888889       29.9801103       +24.3121465       0.00386024061383       7562 
29.9954166667       6.96555555556       29.9952965       +6.9660135       0.00450855176456       7570 
30.0       -0.282222222222       30.0113117       -0.2793961       0.0021553998573       7574 
30.03875       12.655       30.0373890       +12.6561203       0.00688436590677       7577 
30.0625       31.4294444444       30.0621251       +31.4294603       0.0141452318426       7584 
30.05       24.2627777778       30.0607407       +24.2539720       0.00296373057823       7588 
30.075       22.8961111111       30.0624282       +22.9009748       0.00218948768857       7590 
30.075       24.4666666667       30.0533087       +24.4695999       0.014794155859       7594 
30.1058333333       15.9630555556       30.1054550       +15.9633745       0.00843338407685       7596 
30.08125       31.3130555556       30.0809116       +31.3131436       0.00460801708148       7597 
30.09875       21.1077777778       30.0991798       +21.1089767       0.0328041450747       7602 
30.0983333333       24.5819444444       30.0974297       +24.5801867       0.00841185199727       7603 
30.11375       25.0833333333       30.1119966       +25.0826147       0.00671545321137       7606 
30.12125       29.8986111111       30.1236515       +29.8989879       0.00595823223223       7611 
30.1345833333       21.2872222222       30.1343106       +21.2876021       0.00642399155182       7613 
30.1370833333       32.4672222222       30.1370209       +32.4671797       0.00767650742119       7614 
30.15       29.7186111111       30.1541886       +29.7005060       0.00273899856423       7620 
30.2029166667       -9.00277777778       30.2024379       -9.0025021       0.0148670176002       7632 
30.19625       17.7133333333       30.1963162       +17.7140056       0.0106109447828       7637 
30.24875       15.1888888889       30.2491616       +15.1891595       0.00690562719218       7644 
30.2445833333       8.31194444444       30.2455074       +8.3112287       0.0144513340817       7649 
30.2445833333       23.4208333333       30.2404797       +23.4432951       0.00605509995173       7653 
30.25       -8.80416666667       30.2629068       -8.7923926       0.00172635208441       7654 
30.2766666667       -6.81694444444       30.2768479       -6.8158898       0.0117844696962       7656 
30.2775       31.8822222222       30.2774563       +31.8824022       0.00829151492086       7657 
30.2733333333       6.52277777778       30.2732999       +6.5230200       0.00539235470511       7658 
30.3004166667       19.6741666667       30.3009263       +19.6744152       0.00395117330475       7663 
30.3       31.9575       30.2920760       +31.9599990       0.00951139623773       7666 
30.3054166667       30.36       30.3063838       +30.3580641       0.00481711136055       7667 
30.3208333333       28.8375       30.3207843       +28.8379868       0.0388378829743       7671 
30.3325       33.3297222222       30.3327046       +33.3298701       0.0124820002803       7674 
30.3325       -1.30305555556       30.3372959       -1.3030754       0.00350871522262       7675 
30.34       -5.37111111111       30.3400753       -5.3709476       0.00610951606794       7677 
30.3529166667       15.6475       30.3528247       +15.6464754       0.00401341228898       7680 
30.3779166667       26.4819444444       30.3782411       +26.4811326       0.0108684645595       7683 
30.4166666667       31.8266666667       30.4167884       +31.8265263       0.00789928605686       7694 
30.4341666667       8.49972222222       30.4342       8.49994       0.0225427588228       7713 
30.4433333333       26.545       30.4429951       +26.5464640       0.0077848115608       7706 
30.4433333333       23.6908333333       30.4511570       +23.6880578       0.00186683343141       7707 
30.4629166667       16.2575       30.4630484       +16.2577393       0.00529220993749       7709 
30.44625       8.47638888889       30.4466098       +8.4768184       0.0121181842128       7713 
30.47       23.5538888889       30.4705097       +23.5514470       0.00468122935033       7716 
30.5004166667       11.7283333333       30.5003897       +11.7284610       0.00556041882928       7725 
30.4995833333       21.0961111111       30.4997955       +21.0966014       0.00639947780858       7726 
30.4975       23.5497222222       30.53034       23.54982       0.00309542686244       7731 
30.525       9.97527777778       30.5210139       +9.9694140       0.00299568410323       7737 
30.5495833333       -0.131388888889       30.5492892       -0.1303990       0.00564217225815       7740 
30.55125       -0.100833333333       30.551416       -0.100638       0.0132322952682       7741 
30.5554166667       -6.08027777778       30.5552039       -6.0785443       0.00413654252582       7743 
30.5633333333       15.7119444444       30.5639095       +15.7121732       0.00780710515882       7744 
30.55       -1.11194444444       30.5535941       -1.1122841       0.00289720253076       7748 
30.5695833333       19.1794444444       30.5700108       +19.1799923       0.00411309338015       7750 
30.56       9.98083333333       30.55995       9.98094       0.0155253946003       7751 
30.5795833333       19.6580555556       30.5802026       +19.6586829       0.00797658442373       7756 
30.60875       32.0722222222       30.6083812       +32.0719985       0.0101936852471       7760 
30.60875       22.3216666667       30.6167038       +22.3212394       0.00189575339899       7762 
30.6229166667       18.3736111111       30.6222597       +18.3730512       0.00677460554974       7763 
30.6275       11.0866666667       30.6289807       +11.0931447       0.00820853082131       7765 
30.6345833333       16.0138888889       30.6348989       +16.0141335       0.00949071753594       7768 
30.6429166667       17.1672222222       30.6432241       +17.1676650       0.00508214380272       7770 
30.63875       22.3791666667       30.6470287       +22.3707465       0.00358414343115       7775 
30.675       26.5816666667       30.6949551       +26.5817851       0.00170698393157       7789 
30.7266666667       -14.6738888889       30.7259873       -14.6729018       0.00466279096385       7798 
30.72875       7.52333333333       30.7288174       +7.5239445       0.00498577260345       7800 
30.7591666667       -9.65694444444       30.7594177       -9.6550476       0.0176904428375       7806 
30.7725       2.61333333333       30.7716367       +2.6140734       0.0072498366233       7812 
30.8       23.7633333333       30.7905525       +23.7331507       0.00935939118581       7819 
30.7933333333       5.65666666667       30.7931066       +5.6570313       0.00409061829849       7820 
30.8116666667       19.7241666667       30.8119313       +19.7247043       0.0172852179253       7821 
30.8316666667       32.0780555556       30.8317614       +32.0774625       0.00478184376161       7823 
30.83375       22.0397222222       30.8346998       +22.0410535       0.0121274095177       7825 
30.83375       18.6291666667       30.8342271       +18.6292730       0.0206004172353       7826 
30.875       2.56611111111       30.8766013       +2.5662778       0.00292213409853       7834 
30.88125       -9.9325       30.8798718       -9.9330269       0.00560077013935       7835 
30.8895833333       26.3027777778       30.8870603       +26.3072734       0.00451926570039       7837 
30.8979166667       4.78555555556       30.8982378       +4.7857150       0.0156327830083       7839 
30.9054166667       24.0738888889       30.9077586       +24.0754803       0.0175732712551       7841 
30.9054166667       15.7488888889       30.9045711       +15.7466713       0.00340021701095       7842 
30.91875       26.2777777778       30.9208988       +26.2771082       0.00344613217345       7843 
30.9358333333       14.7086111111       30.93581       14.70929       0.00618205920012       7856 
30.9383333333       16.0313888889       30.9362845       +16.0307508       0.0203264934772       7849 
30.95875       14.7394444444       30.95744       14.73914       0.0141149631883       7856 
30.9795833333       11.9622222222       30.9794832       +11.9631283       0.0113915147377       7859 
30.9954166667       15.3180555556       30.9860802       +15.3190627       0.00269617735255       7863 
30.98375       19.6680555556       30.9664458       +19.6558861       0.0121292786567       7864 
31.0       24.2138888889       31.0137742       +24.2093994       0.00293863763448       7871 
31.0095833333       30.8327777778       31.0088230       +30.8329123       0.0123265357319       7873 
31.0216666667       2.78666666667       31.0207230       +2.7868967       0.0181399902422       7875 
31.0441666667       28.6577777778       31.0763123       +28.6551437       0.00516356712441       7888 
31.0791666667       -8.73555555556       31.0790728       -8.7353527       0.00726462223621       7889 
31.1233333333       28.8125       31.1234175       +28.8122850       0.0211826854369       7899 
31.13       -6.19944444444       31.1306426       -6.1992542       0.0216237224382       7900 
31.1329166667       27.9258333333       31.1333246       +27.9265092       0.0100779797124       7902 
31.1454166667       -10.1088888889       31.1451684       -10.1084064       0.00410316057899       7905 
31.18375       8.54361111111       31.1825546       +8.5432880       0.00698310356336       7917 
31.175       21.4436111111       31.1874298       +21.4344828       0.00268719381287       7925 
31.2195833333       11.4222222222       31.2253570       +11.4130964       0.00338730277487       7930 
31.2216666667       32.28       31.2213893       +32.2784845       0.0128442184026       7931 
31.2329166667       28.9880555556       31.2321722       +28.9875593       0.0179375757833       7934 
31.2641666667       15.85       31.2657623       +15.8515123       0.0103691953838       7939 
31.2720833333       -6.5075       31.2718326       -6.5077020       0.00657007346244       7942 
31.275       24.6741666667       31.2921868       +24.6660177       0.00451022749469       7944 
31.3079166667       9.925       31.3082363       +9.9253177       0.0322263071268       7951 
31.3133333333       6.10416666667       31.3124931       +6.1059680       0.010469712521       7952 
31.3316666667       30.0072222222       31.3115388       +30.0053180       0.00347103955821       7960 
31.3329166667       -6.45166666667       31.3319794       -6.4510194       0.00586208416123       7961 
31.3345833333       25.1052777778       31.3346247       +25.1053900       0.00919321179874       7962 
31.35       13.2386111111       31.3681132       +13.2507815       0.00573383881546       7965 
31.35       13.3719444444       31.3487660       +13.3605633       0.00174982911628       7966 
31.3616666667       31.1758333333       31.3610055       +31.1752780       0.0097093831886       7967 
31.4045833333       6.76694444444       31.4054331       +6.7720934       0.00456352597658       7977 
31.4       -0.688611111111       31.4141722       -0.6890869       0.00364560111857       7979 
31.43       24.2327777778       31.4320445       +24.2342510       0.0166648500131       7984 
31.45625       -9.82222222222       31.4565097       -9.8223603       0.00716090394148       7998 
31.4920833333       14.9194444444       31.4925433       +14.9194903       0.00527246868822       8003 
31.5175       29.7933333333       31.5168087       +29.7929315       0.00972664543379       8013 
31.525       13.2766666667       31.5246524       +13.2849100       0.00606906100441       8014 
31.5516666667       29.9666666667       31.5518253       +29.9662612       0.0166606778371       8019 
31.5670833333       -0.291666666667       31.5666912       -0.2915438       0.0064923238523       8029 
31.6141666667       27.0344444444       31.6132345       +27.0335380       0.0266517524766       8035 
31.6141666667       3.70583333333       31.6081880       +3.7059768       0.0063796094824       8039 
31.6270833333       29.9936111111       31.6264875       +29.9930992       0.0126408138029       8040 
31.6679166667       1.50166666667       31.6534263       +1.5156303       0.0124383355843       8056 
31.675       -0.8525       31.6771154       -0.8602533       0.00635111834121       8060 
31.7       31.1575       31.7062390       +31.1574795       0.00396949060582       8064 
31.7129166667       -0.507777777778       31.71991       -0.51811       0.0167885430087       8029 
31.8129166667       32.9533333333       31.8131515       +32.9528498       0.0097596847749       8086 
31.8270833333       30.4241666667       31.8521179       +30.4258793       0.0138533191605       8090 
31.8558333333       2.11611111111       31.8554155       +2.1161520       0.0018275617295       8096 
31.85625       32.9533333333       31.8556443       +32.9531828       0.00373285722021       8097 
31.85       -2.08666666667       31.8608841       -2.0914907       0.00426037102033       8098 
31.89125       17.2013888889       31.8904380       +17.2025074       0.0097093831886       8109 
31.8925       2.11527777778       31.8921131       +2.1152023       0.0043713759821       8110 
31.9291666667       15.3658333333       31.9296790       +15.3660195       0.0049226261884       8112 
31.9066666667       2.18083333333       31.9063000       +2.1807675       0.00458566070235       8114 
31.9158333333       2.14972222222       31.9156847       +2.1497226       0.00435474945219       8117 
31.9279166667       45.6219444444       31.9277077       +45.6229348       0.0181191499243       8120 
31.97125       2.1675       31.9711573       +2.1676501       0.00525179000818       8128 
31.9879166667       16.2194444444       31.9881897       +16.2194659       0.0056174752204       8131 
31.9845833333       19.1705555556       31.9849444       +19.1713528       0.00510469429466       8135 
32.0       28.3372222222       32.0149199       +28.3349107       0.00336402206755       8146 
32.0208333333       1.89416666667       32.0206141       +1.8944295       0.00915565336529       8148 
32.08375       1.18388888889       32.0841102       +1.1843335       0.00339309799343       8157 
32.1029166667       14.9702777778       32.1024876       +14.9719218       0.0222159076445       8163 
32.105       14.3491666667       32.1041281       +14.3495739       0.00848875582624       8165 
32.1154166667       6.39472222222       32.1157037       +6.3948579       0.0113767789171       8167 
32.1275       18.9977777778       32.1290689       +18.9951743       0.00339621439978       8171 
32.135       6.32416666667       32.1345811       +6.3237830       0.0131857285197       8173 
32.14375       29.2341666667       32.1432011       +29.2337030       0.00777917960997       8174 
32.17625       -7.79111111111       32.1762616       -7.7902332       0.00661066312282       8182 
32.2141666667       2.71916666667       32.2136050       +2.7193672       0.00435440239107       8188 
32.235       7.97194444444       32.2732524       +7.9086646       0.00527246868822       8196 
32.2375       26.0327777778       32.2370338       +26.0360120       0.00469734378473       8198 
32.23875       47.2197222222       32.2388428       +47.2200384       0.0172614196792       8199 
32.2445833333       -7.05972222222       32.2448236       -7.0588975       0.00919584171814       8200 
32.245       -7.76805555556       32.2445012       -7.7668215       0.00720299013365       8201 
32.245       27.54       32.2596215       +27.5374548       0.0120536601442       8203 
32.2691666667       5.11333333333       32.2689760       +5.1121286       0.00737713071676       8207 
32.275       30.3466666667       32.2854899       +30.3383061       0.00315107400491       8211 
32.3008333333       6.59972222222       32.3011878       +6.6003345       0.00731231400325       8214 
32.2929166667       31.9947222222       32.2927394       +31.9938878       0.00641457427555       8215 
32.3075       25.5711111111       32.3090695       +25.5707672       0.00486456557986       8220 
32.3379166667       -10.1333333333       32.3369       -10.13341       0.0370532607639       8228 
32.35375       -10.1358333333       32.35288       -10.13625       0.0246769067576       8228 
32.3683333333       -9.68027777778       32.3673305       -9.6803579       0.0145106132917       8232 
32.3695833333       -6.215       32.3695706       -6.2153736       0.00695969063316       8234 
32.375       21.2341666667       32.3858908       +21.2466719       0.00459783868511       8245 
32.4104166667       -10.1463888889       32.4103800       -10.1463244       0.00546501509257       8250 
32.4145833333       -6.92333333333       32.4139338       -6.9220064       0.00887605083065       8251 
32.4291666667       -10.1841666667       32.4100571       -10.1496963       0.00589806712727       8254 
32.4358333333       7.31777777778       32.4367605       +7.3174752       0.00436549466159       8255 
32.4554166667       -7.7825       32.4645746       -7.7705396       0.00393430752874       8258 
32.4866666667       16.0322222222       32.4869852       +16.0323892       0.00658684413723       8266 
32.53625       7.64388888889       32.5368862       +7.6457059       0.0079279323542       8281 
32.525       25.6808333333       32.5520910       +25.6726947       0.00647834180337       8292 
32.5675       7.845       32.5675170       +7.8453107       0.010496383318       8293 
32.5620833333       -9.71083333333       32.5625814       -9.7089860       0.013885137857       8295 
32.575       1.21138888889       32.5905618       +1.2017159       0.00280389077723       8302 
32.6575       5.87055555556       32.6572739       +5.8701582       0.00471692884427       8318 
32.6825       6.75805555556       32.6831920       +6.7586904       0.0127256540311       8332 
32.72       -2.80722222222       32.7196545       -2.8064285       0.00859368268209       8339 
32.7420833333       32.6997222222       32.7413798       +32.6994467       0.010130330098       8346 
32.7483333333       32.7305555556       32.7471604       +32.7301611       0.00800816299848       8350 
32.76625       6.66638888889       32.7659033       +6.6673699       0.00307141004543       8353 
32.75       -0.649722222222       32.7463521       -0.6417154       0.00168290930409       8356 
32.7854166667       3.8525       32.7828721       +3.8520775       0.0144311362473       8360 
32.775       25.8191666667       32.7674985       +25.8477413       0.00560778155447       8362 
32.80125       3.78166666667       32.8005481       +3.7795941       0.00513392072758       8368 
32.8058333333       -1.48611111111       32.8067834       -1.4855053       0.0060371025871       8369 
32.8545833333       15.8991666667       32.8553078       +15.8991438       0.00395881581344       8379 
32.8491666667       15.9547222222       32.8495610       +15.9553509       0.00893984222278       8381 
32.8779166667       13.9163888889       32.8895703       +13.9173316       0.00741248735592       8391 
32.8966666667       31.51       32.8953138       +31.5099518       0.00666689216257       8393 
32.9233333333       -9.30472222222       32.9219912       -9.3051964       0.00851098122907       8397 
32.925       14.3047222222       32.9137616       +14.2983235       0.00538814904631       8399 
32.9333333333       -6.49111111111       32.9331836       -6.4903078       0.00558103715876       8400 
32.945       -18.2672222222       32.9132609       -18.2442472       0.00212218895656       8404 
32.95       14.0005555556       32.9829544       +14.0124655       0.00199215570318       8406 
32.975       14.1005555556       32.9479788       +14.0970512       0.00260726781583       8412 
32.99       29.3141666667       32.9892078       +29.3138838       0.00668047959275       8417 
33.0       46.3691666667       33.0134360       +46.3598291       0.00369501292008       8424 
33.0275       31.5872222222       33.0262543       +31.5867054       0.00785631313078       8426 
33.05       -2.13583333333       33.0484619       -2.1253699       0.00358414343115       8435 
33.0825       -0.8125       33.0819417       -0.8116100       0.00536481814031       8439 
33.1175       29.8577777778       33.1179115       +29.8573552       0.00482620114509       8449 
33.1283333333       16.8555555556       33.1290851       +16.8556521       0.00666689216257       8452 
33.175       13.9794444444       33.1765179       +13.9699281       0.00457609314199       8464 
33.225       32.8563888889       33.2132269       +32.8963525       0.00535212633606       8484 
33.3154166667       -7.66277777778       33.3155797       -7.6617146       0.0103722556696       8502 
33.3670833333       4.74722222222       33.3672817       +4.7477474       0.00921094918258       8512 
33.39       25.8519444444       33.3913154       +25.8551072       0.005824841213       8520 
33.4       13.7186111111       33.4058895       +13.7268488       0.00302380377937       8522 
33.4       17.0833333333       33.4046370       +17.0856289       0.00519013321401       8525 
33.4066666667       -0.7175       33.4097326       -0.7173441       0.00727979303423       8526 
33.40875       16.5972222222       33.4092470       +16.5939763       0.00340066145471       8527 
33.4183333333       31.1919444444       33.4176828       +31.1917452       0.00327155239       8531 
33.4358333333       24.8888888889       33.4402847       +24.8907646       0.00395881581344       8535 
33.4358333333       17.0988888889       33.4287925       +17.0991317       0.00591648743901       8536 
33.4375       4.10194444444       33.4377321       +4.1022228       0.0024862086447       8537 
33.4516666667       31.8669444444       33.4761757       +31.8619439       0.00595036389511       8541 
33.4525       16.7969444444       33.4529456       +16.7971141       0.0184897831635       8543 
33.5175       16.4555555556       33.5179268       +16.4558478       0.0104536773808       8556 
33.5154166667       27.8772222222       33.5153700       +27.8770284       0.0112612851212       8557 
33.5241666667       5.17555555556       33.5232714       +5.1733208       0.00991637570375       8562 
33.5520833333       23.6252777778       33.5559610       +23.6238829       0.00516912516785       8569 
33.5716666667       7.58805555556       33.5723530       +7.5884334       0.00700449666799       8571 
33.5983333333       7.86111111111       33.5978937       +7.8599495       0.00368395304838       8575 
33.6116666667       -7.35805555556       33.6104042       -7.3672263       0.0118361674399       8581 
33.61375       1.47527777778       33.6070189       +1.4696676       0.00378711963249       8582 
33.6404166667       -0.766666666667       33.6399542       -0.7666747       0.00583961161504       8586 
33.71125       31.4713888889       33.7104930       +31.4707176       0.0264645905364       8599 
33.7683333333       32.725       33.7673648       +32.7249130       0.0140686324544       8609 
33.82       18.3175       33.8202302       +18.3179791       0.0152750516989       8617 
33.8       18.6675       33.7957657       +18.6439255       0.00381059168433       8618 
33.8354166667       22.0005555556       33.8357746       +22.0062783       0.0113480489598       8624 
33.85       -4.01722222222       33.8497551       -4.0386248       0.00683258231204       8628 
33.8641666667       6.00138888889       33.8657642       +6.0022822       0.0322474974201       8631 
33.9       1.65138888889       33.9080702       +1.6600416       0.0024550112862       8635 
33.925       15.39       33.9367628       +15.3961663       0.00247096503905       8641 
33.925       25.2066666667       33.9339418       +25.2066877       0.0192860850503       8642 
33.975       1.78166666667       33.9744854       +1.7818337       0.00738450211601       8653 
33.9945833333       -0.714722222222       33.9936739       -0.7136035       0.00681220236868       8659 
34.025       18.3122222222       34.0567705       +18.3138550       0.00572539816123       8672 
34.0445833333       -11.9261111111       34.0440368       -11.9260367       0.0119348399025       8673 
34.05375       32.6494444444       34.0533094       +32.6492377       0.038681604684       8676 
34.0633333333       28.6002777778       34.0628316       +28.6001888       0.00738020302787       8678 
34.0870833333       24.8869444444       34.0871563       +24.8883896       0.0103652594029       8681 
34.0979166667       31.9997222222       34.0972311       +31.9994520       0.00673455518329       8685 
34.1345833333       28.2069444444       34.1341566       +28.2064689       0.00413069271907       8691 
34.135       -11.3491666667       34.1348618       -11.3491851       0.022575250613       8692 
34.135       26.3472222222       34.1530742       +26.3460539       0.00256696036379       8695 
34.2245833333       2.20305555556       34.2244562       +2.2032736       0.00536481814031       8707 
34.2320833333       30.9338888889       34.2584245       +30.9428407       0.00909719780537       8708 
34.2320833333       5.29222222222       34.2318987       +5.2816770       0.00335547536399       8714 
34.2708333333       1.24416666667       34.2699304       +1.2441779       0.0056763546065       8718 
34.2991666667       1.70583333333       34.3000260       +1.7051003       0.00171228788199       8725 
34.3       -5.43916666667       34.3284219       -5.4754039       0.00323672047575       8726 
34.3058333333       30.5855555556       34.3052132       +30.5855785       0.0101270474729       8729 
34.375       -11.6944444444       34.3626679       -11.7021190       0.00325302178278       8748 
34.3916666667       29.5211111111       34.3910812       +29.5216660       0.00512596640842       8750 
34.4       12.5044444444       34.4084160       +12.5094764       0.0101437479571       8752 
34.46375       32.3963888889       34.4633679       +32.3960203       0.0108546894791       8766 
34.49875       31.8825       34.4719957       +31.8721403       0.0140422889932       8778 
34.6095833333       5.65138888889       34.6100878       +5.6537075       0.00918153244324       8802 
34.6625       -6.90444444444       34.6617381       -6.9033587       0.00487821617338       8813 
34.6833333333       30.5025       34.6838157       +30.5028221       0.00403594284935       8821 
34.6891666667       -6.64       34.6886097       -6.6388284       0.0132956462096       8822 
34.7383333333       4.81472222222       34.7385133       +4.8148970       0.00394198273606       8838 
34.7720833333       -6.79194444444       34.7716394       -6.7909779       0.00964613734353       8841 
34.92125       -0.256388888889       34.9214308       -0.2557622       0.00656846306571       8876 
34.9704166667       29.0363888889       34.9698338       +29.0361650       0.0104675470456       8882 
34.9733333333       28.2472222222       34.9729727       +28.2465925       0.00405499539986       8884 
34.975       1.94722222222       34.9858415       +1.9438042       0.00230253219038       8887 
35.1191666667       31.6836111111       35.1185272       +31.6836273       0.0029013726697       8908 
35.1220833333       6.81083333333       35.1226051       +6.8112691       0.00966882846134       8913 
35.15       48.4441666667       35.1550549       +48.4415603       0.00690540833762       8918 
35.2275       0.556944444444       35.2226150       +0.5567830       0.00604085645978       8929 
35.2775       48.9605555556       35.2769149       +48.9602092       0.00960877645378       8942 
35.3       13.7186111111       35.3237769       +13.7225408       0.00481962059961       8950 
35.325       25.4022222222       35.3316045       +25.4092546       0.00226681134063       8954 
35.3716666667       -4.41194444444       35.3702079       -4.4129984       0.00673208621666       8962 
35.375       14.2111111111       35.3791925       +14.1989786       0.00895352501637       8964 
35.3845833333       31.0433333333       35.3847254       +31.0431112       0.017429145986       8968 
35.4025       -5.52166666667       35.4008392       -5.5205592       0.0248030524877       8974 
35.41375       6.76027777778       35.4133379       +6.7606129       0.00378072921303       8977 
35.4       0.260277777778       35.4147122       +0.2518030       0.00466765023251       8979 
35.4475       -10.0233333333       35.4468142       -10.0236637       0.00482118821084       8986 
35.5158333333       32.235       35.5157541       +32.2350231       0.00484931855906       9002 
35.5525       28.7341666667       35.5302212       +28.7747320       0.00201703505442       9011 
35.55       -10.0508333333       35.5705928       -10.0561568       0.00271628168745       9013 
35.575       12.0469444444       35.5545800       +12.0305913       0.00847806693744       9016 
35.6258333333       -0.618611111111       35.6251568       -0.6175432       0.0125669505869       9028 
35.63125       47.85       35.6306704       +47.8500849       0.0137521475392       9030 
35.66875       28.4647222222       35.6687486       +28.4654604       0.012738948254       9034 
35.67       28.2563888889       35.6614940       +28.2990112       0.00349663402268       9035 
35.7       25.3102777778       35.6976312       +25.3133101       0.0043293408742       9047 
35.8291666667       32.1886111111       35.8289118       +32.1885419       0.0085072514194       9071 
35.8420833333       32.1972222222       35.84162       32.197096       0.00262805238772       9074 
35.8420833333       27.3247222222       35.8810126       +27.3233140       0.00475871614767       9076 
35.875       26.5080555556       35.8838165       +26.5115889       0.00478816059892       9079 
35.9679166667       25.5430555556       35.9663057       +25.5419679       0.0085159517675       9099 
35.975       -6.70972222222       35.9839902       -6.7048183       0.00603284537434       9105 
36.025       27.3430555556       36.0036809       +27.3566615       0.0147826077833       9112 
36.0508333333       5.37138888889       36.0513872       +5.3726211       0.0036617330909       9118 
36.1033333333       -2.16138888889       36.1035383       -2.1625043       0.00980772542455       9126 
36.1179166667       1.83777777778       36.1218487       +1.8411722       0.00380979838949       9128 
36.13125       31.615       36.1311180       +31.6154801       0.0101115151824       9134 
36.1433333333       28.6080555556       36.1328571       +28.6575500       0.00206076788714       9139 
36.15       25.5577777778       36.17562       25.56108       0.0276503435452       9147 
36.1779166667       25.5313888889       36.1810957       +25.5322327       0.0102987045707       9147 
36.25       19.6727777778       36.2513067       +19.6995947       0.00237427125225       9169 
36.2516666667       26.0505555556       36.2505038       +26.0489662       0.00322690016416       9170 
36.25       22.2063888889       36.2664086       +22.2158627       0.00346188400239       9173 
36.2920833333       23.8494444444       36.2920375       +23.8515943       0.0148038574481       9182 
36.3029166667       20.9508333333       36.3086260       +20.9551532       0.00400889098193       9183 
36.3154166667       45.4516666667       36.3140072       +45.4518300       0.007090489362       9186 
36.31625       24.2622222222       36.3179922       +24.2648265       0.00326646695256       9187 
36.3666666667       20.3955555556       36.3661424       +20.3955308       0.0144013635712       9205 
36.375       26.7455555556       36.3963866       +26.7434767       0.00885303486179       9212 
36.4091666667       24.9675       36.4199769       +24.9649502       0.00370318412183       9219 
36.43875       24.7769444444       36.4396049       +24.7777888       0.00585692569124       9227 
36.485       24.8580555556       36.4826299       +24.8568751       0.0112383128897       9241 
36.51125       30.1725       36.5116359       +30.1730897       0.0144250609054       9251 
36.5295833333       -0.331111111111       36.5280164       -0.3318380       0.0120903410632       9256 
36.5320833333       31.9111111111       36.5411749       +31.8793892       0.030838927289       9258 
36.575       27.2111111111       36.5694688       +27.2122390       0.00701312183646       9267 
36.575       -1.54444444444       36.5800066       -1.5516992       0.00997654548821       9269 
36.58625       30.4447222222       36.5862530       +30.4455914       0.0187817323575       9270 
36.575       -9.84583333333       36.5894865       -9.8417508       0.0103914711151       9272 
36.6       22.9905555556       36.6069817       +22.9959361       0.0047485425045       9277 
36.6183333333       1.16083333333       36.6179551       +1.1604185       0.00307730904583       9283 
36.6245833333       30.5838888889       36.6244702       +30.5848378       0.00821442035091       9284 
36.65       22.7530555556       36.6637170       +22.7690097       0.00282590346968       9293 
36.6941666667       20.4986111111       36.69512       20.497       0.0127151988192       9302 
36.7279166667       25.0336111111       36.7257047       +25.0327626       0.0042621443278       9309 
36.7333333333       20.535       36.7347399       +20.5330458       0.00431535491979       9313 
36.75       -2.71472222222       36.7518434       -2.6948633       0.00895352501637       9321 
36.8491666667       -3.95972222222       36.8498281       -3.9597585       0.0177367709561       9333 
36.8566666667       23.095       36.8585656       +23.0940941       0.00355492956061       9340 
36.85       24.2597222222       36.8638578       +24.2590094       0.0212572536544       9345 
36.85       2.12638888889       36.8567259       +2.1057882       0.00583002807175       9347 
36.8854166667       25.6680555556       36.8850082       +25.6687518       0.00650604356556       9351 
36.8858333333       -0.245555555556       36.8871553       -0.2444200       0.00666394456781       9352 
36.8866666667       -10.1655555556       36.8769389       -10.1652079       0.00339309799343       9354 
