21.0166666667       27.0469444444        0.0089293275615        5150 
21.07375       9.33194444444        0.0144816736019        5161 
21.1425       16.5363888889        0.0141520304655        5194 
21.1       3.88333333333        0.0097908129774        5208 
21.1883333333       32.1658333333        0.00617758535655        5217 
21.275       8.69        0.00935015380455        5245 
21.3       -1.50166666667        0.0089293275615        5258 
21.425       -1.445        0.0072580299308        5307 
21.4908333333       -3.98222222222        0.0162487050305        5329 
21.6758333333       2.02166666667        0.0126130104288        5374 
21.7       46.7808333333        0.00935015380455        5386 
21.7266666667       19.2141666667        0.0056340248062        5395 
21.9195833333       37.1830555556        0.0158788393481        5450 
21.9533333333       48.8194444444        0.0129068051834        5457 
22.20125       34.3463888889        0.0117711462287        5518 
22.2625       32.3322222222        0.0112413573774        5545 
22.6475       19.6083333333        0.0087260712512        5621 
22.6545833333       22.2686111111        0.00617758535655        5623 
22.69375       21.4397222222        0.0148189951133        5634 
22.8945833333       34.7830555556        0.0089293275615        5676 
22.9445833333       33.6152777778        0.0097908129774        5691 
23.0358333333       32.1033333333        0.00935015380455        5715 
23.065       12.4680555556        0.0085274416194        5716 
23.1666666667       4.64333333333        0.0070928169992        5759 
23.17875       18.3158333333        0.0087260712512        5761 
23.5820833333       29.2641666667        0.0089293275615        5853 
24.3208333333       28.8902777778        0.0070928169992        6006 
24.66625       -17.8330555556        0.0079582715661        6083 
24.825       48.7641666667        0.0129068051834        6124 
24.9854166667       11.0961111111        0.00956794686495        6159 
25.11625       34.6255555556        0.0158788393481        6189 
25.2316666667       49.2341666667        0.0097908129774        6220 
25.9854166667       17.0638888889        0.00372236327537        6366 
26.0333333333       34.3869444444        0.0117711462287        6372 
26.1283333333       17.1016666667        0.00935015380455        6390 
26.1475       21.9283333333        0.0072580299308        6395 
26.2916666667       32.1230555556        0.0085274416194        6434 
26.5254166667       34.3738888889        0.00632147980455        6483 
26.58625       4.26444444444        0.00956794686495        6500 
26.7225       33.3894444444        0.005021329894        6534 
26.735       32.1102777778        0.00661940196925        6540 
26.8745833333       12.1033333333        0.012045331447        6573 
27.2954166667       -10.4277777778        0.0219188999763        6671 
27.3141666667       -3.68416666667        0.012045331447        6674 
27.385       32.5922222222        0.0389779285185        6699 
27.4445833333       11.7011111111        0.0085274416194        6718 
27.67375       -3.93888888889        0.0079582715661        6791 
27.8745833333       13.1311111111        0.0126130104288        6855 
27.94625       18.1872222222        0.0162487050305        6889 
28.0075       -5.50333333333        0.0117711462287        6909 
28.11625       17.5130555556        0.0126130104288        6940 
28.1629166667       -18.7805555556        0.0089293275615        6956 
28.4116666667       19.84        0.012045331447        7019 
28.55625       18.1011111111        0.0112413573774        7059 
28.6954166667       20.6980555556        0.0144816736019        7098 
28.6983333333       18.1419444444        0.0132074432969        7104 
28.8525       21.2858333333        0.00617758535655        7163 
29.375       -2.09583333333        0.00935015380455        7368 
29.4991666667       4.39472222222        0.0166271859914        7406 
29.625       25.3594444444        0.0112413573774        7445 
29.775       25.3863888889        0.0144816736019        7506 
29.805       18.955        0.00935015380455        7517 
29.9       -5.35972222222        0.00935015380455        7538 
29.9633333333       -6.84111111111        0.0087260712512        7554 
30.15       29.7186111111        0.0079582715661        7620 
30.2445833333       23.4208333333        0.0085274416194        7653 
30.3       31.9575        0.0087260712512        7666 
30.4341666667       8.49972222222        0.0141520304655        7702 
30.56       9.98083333333        0.0097908129774        7751 
30.6345833333       16.0138888889        0.00777711918885        7768 
30.9954166667       15.3180555556        0.0158788393481        7863 
31.0095833333       30.8327777778        0.00956794686495        7873 
31.1329166667       27.9258333333        0.0117711462287        7902 
31.2329166667       28.9880555556        0.0141520304655        7934 
31.2641666667       15.85        0.0085274416194        7939 
31.5516666667       29.9666666667        0.012045331447        8019 
31.6270833333       29.9936111111        0.0097908129774        8040 
31.9279166667       45.6219444444        0.0158788393481        8120 
32.0208333333       1.89416666667        0.0072580299308        8148 
32.1029166667       14.9702777778        0.0085274416194        8163 
32.235       7.97194444444        0.0195352401668        8196 
32.4291666667       -10.1841666667        0.0107354129523        8254 
32.7420833333       32.6997222222        0.0087260712512        8346 
32.7483333333       32.7305555556        0.00814364352425        8350 
32.945       -18.2672222222        0.0132074432969        8404 
32.99       29.3141666667        0.0126130104288        8417 
33.1283333333       16.8555555556        0.0079582715661        8452 
33.225       32.8563888889        0.0148189951133        8484 
33.4516666667       31.8669444444        0.00814364352425        8541 
33.5520833333       23.6252777778        0.012045331447        8569 
33.5983333333       7.86111111111        0.0097908129774        8575 
33.7683333333       32.725        0.0117711462287        8609 
33.82       18.3175        0.00956794686495        8617 
34.05375       32.6494444444        0.0151641738521        8676 
34.0870833333       24.8869444444        0.0135150841717        8681 
34.3058333333       30.5855555556        0.00372236327537        8729 
34.4       12.5044444444        0.00935015380455        8752 
34.9733333333       28.2472222222        0.00814364352425        8884 
35.325       25.4022222222        0.00833333335        8954 
35.5525       28.7341666667        0.0112413573774        9011 
35.67       28.2563888889        0.0144816736019        9035 
36.025       27.3430555556        0.0104910451192        9112 
36.1433333333       28.6080555556        0.0104910451192        9139 
36.3666666667       20.3955555556        0.00617758535655        9205 
36.51125       30.1725        0.0089293275615        9251 
36.5320833333       31.9111111111        0.0144816736019        9258 
36.58625       30.4447222222        0.00693136477305        9270 
36.6245833333       30.5838888889        0.00661940196925        9284 
36.8491666667       -3.95972222222        0.00935015380455        9333 
36.85       24.2597222222        0.0079582715661        9345 
