36.0329166667     47.9694444444     0.0135150841717     9115 
38.6225     29.7513888889     0.0186560095254     9808 
53.3216666667     -13.665     0.0234865244742     13166 
65.325     36.7775     0.0162487050305     14937 
70.49875     -7.31194444444     0.0123259032594     15840 
78.55     62.57     0.0632147980455     16957 
83.0354166667     -7.91777777778     0.0316824497567     17407 
170.43     20.1711111111     0.0324204288143     34836 
189.1825     13.2586111111     0.0186560095254     42081 
227.205     -11.2077777778     0.011503202228     54075 
227.316666667     -11.3213888889     0.0275942601787     54097 
265.95     4.55166666667     0.011503202228     60763 
267.6675     17.5386111111     0.0234865244742     60972 
315.632916667     -16.8161111111     0.0355482933045     65960
