20.9920833333       -35.1163888889        0.0132074432969        5128 
23.0695833333       -34.7833333333        0.005899548215        5724 
28.0304166667       35.0372222222        0.0123259032594        6919 
28.165       36.1716666667        0.0102522397773        6957 
28.4408333333       -23.7577777778        0.0123259032594        7024 
34.425       12.4711111111        0.00913731831945        8758 
34.9       15.8030555556        0.0102522397773        8874 
36.185       42.6230555556        0.0141520304655        9150 
45.54       -35.6875        0.0100188703085        11455 
45.9554166667       -1.10388888889        0.0141520304655        11537 
53.4       72.1886111111        0.0129068051834        13178 
54.4575       72.5722222222        0.0288947375955        13384 
56.3       -36.9194444444        0.00417656028858        13758 
57.7808333333       -3.1225        0.012045331447        13967 
58.1991666667       -47.4775        0.0135150841717        14022 
59.725       43.3461111111        0.0195352401668        14215 
60.7770833333       27.0177777778        0.0079582715661        14369 
61.1645833333       33.8080555556        0.0097908129774        14420 
61.8054166667       -62.5494444444        0.0079582715661        14488 
63.24375       -53.9972222222        0.0053804519194        14669 
63.5958333333       -62.8125        0.0087260712512        14717 
64.625       79.81        0.0132074432969        14836 
65.475       4.06388888889        0.00661940196925        14962 
66.675       20.4136111111        0.0155173928366        15109 
66.9416666667       -62.5922222222        0.0126130104288        15163 
67.38625       -53.7419444444        0.0100188703085        15279 
72.5766666667       -61.2480555556        0.0087260712512        16130 
72.9491666667       -57.1461111111        0.00956794686495        16192 
73.7320833333       -61.5644444444        0.0141520304655        16318 
75.3754166667       -63.2927777778        0.0117711462287        16567 
77.0345833333       -38.3113888889        0.0295677824953        16790 
79.425       0.223055555556        0.00363763194261        17060 
79.8983333333       -32.6583333333        0.0097908129774        17103 
80.315       -61.0594444444        0.0123259032594        17161 
80.6475       -11.4969444444        0.00632147980455        17196 
82.6429166667       -45.1183333333        0.00833333335        17374 
83.5283333333       -28.4658333333        0.0151641738521        17455 
85.675       69.8847222222        0.0053804519194        17645 
86.4741666667       -22.0        0.0129068051834        17772 
87.22       -25.6319444444        0.00814364352425        17912 
88.025       -11.1311111111        0.013829890923        18027 
90.2841666667       -21.7366666667        0.0204559076716        18259 
91.6516666667       -27.8786111111        0.0085274416194        18414 
93.375       53.0722222222        0.0144816736019        18660 
94.6270833333       -18.5377777778        0.012045331447        18794 
95.3591666667       -28.1147222222        0.0132074432969        18871 
96.225       82.3302777778        0.00935015380455        18991 
97.3929166667       -26.6327777778        0.011503202228        19133 
98.8       85.3527777778        0.0089293275615        19285 
99.6       49.2338888889        0.0102522397773        19352 
100.717916667       -23.4755555556        0.0224294567442        19476 
102.03375       33.5752777778        0.0109854728433        19632 
104.075       45.4936111111        0.0148189951133        19891 
104.77       14.2938888889        0.0155173928366        19963 
105.689583333       -29.4291666667        0.0178163507815        20049 
106.525       77.8975        0.0087260712512        20149 
106.998333333       48.6661111111        0.0097908129774        20209 
107.390833333       50.1822222222        0.0129068051834        20276 
108.1       23.7194444444        0.0089293275615        20393 
108.680833333       -36.8047222222        0.011503202228        20474 
110.25       63.6441666667        0.0109854728433        20749 
110.712916667       22.5888888889        0.0079582715661        20864 
151.832083333       10.3622222222        0.013829890923        29428 
157.761666667       -28.7188888889        0.012045331447        31025 
163.320416667       -22.3180555556        0.0109854728433        32685 
177.775416667       43.0941666667        0.0174108011253        37070 
178.125       23.6102777778        0.0085274416194        37206 
182.250833333       -31.52        0.0263523138875        38588 
188.2       31.5477777778        0.055057787444        41636 
191.730833333       -41.4961111111        0.0129068051834        43120 
192.905       -8.41027777778        0.0135150841717        43571 
193.658333333       46.5311111111        0.0132074432969        43931 
195.554166667       -14.9697222222        0.0100188703085        44977 
263.225       27.57        0.012045331447        60475 
263.25875       43.7597222222        0.0085274416194        60479 
263.320416667       43.6288888889        0.0123259032594        60484 
263.338333333       -60.775        0.0097908129774        60487 
263.4       50.3916666667        0.0132074432969        60497 
263.4       20.775        0.0182313469027        60498 
263.425       23.875        0.00833333335        60503 
263.5       25.3416666667        0.011503202228        60506 
263.5       5.475        0.0100188703085        60507 
263.568333333       -62.7372222222        0.0104910451192        60509 
263.5825       -60.8705555556        0.0100188703085        60510 
263.625       25.5705555556        0.0089293275615        60514 
263.64875       -75.0466666667        0.012045331447        60519 
263.675       33.93        0.0100188703085        60521 
263.75625       -61.0013888889        0.0126130104288        60527 
263.886666667       60.8144444444        0.0190905638112        60536 
263.975       68.1477777778        0.0089293275615        60543 
264.025       -61.8986111111        0.0087260712512        60548 
264.054583333       -58.2547222222        0.013829890923        60554 
264.074583333       40.1333333333        0.00777711918885        60557 
264.1       60.2833333333        0.00742709116595        60562 
264.153333333       15.2980555556        0.0102522397773        60566 
264.165416667       42.0877777778        0.0174108011253        60568 
264.202083333       72.09        0.0199902743651        60573 
264.225       24.8225        0.0097908129774        60575 
264.28375       -74.3816666667        0.0148189951133        60582 
264.3       60.4483333333        0.00956794686495        60584 
264.375       11.1483333333        0.0109854728433        60591 
264.387916667       17.5327777778        0.011503202228        60592 
264.414583333       -59.9413888889        0.0141520304655        60594 
264.430416667       -63.7283333333        0.0209323869711        60595 
264.477083333       -55.5175        0.013829890923        60601 
264.475       17.3675        0.00814364352425        60602 
264.565833333       35.5344444444        0.0097908129774        60614 
264.65       21.6844444444        0.0129068051834        60627 
264.65       57.2511111111        0.00814364352425        60628 
264.69125       59.3733333333        0.0129068051834        60635 
264.675       74.84        0.00833333335        60636 
264.696666667       18.8786111111        0.0141520304655        60637 
264.88375       -85.3094444444        0.0182313469027        60648 
264.88625       49.6016666667        0.0129068051834        60649 
265.05       51.035        0.00742709116595        60669 
265.076666667       -74.9847222222        0.0109854728433        60670 
265.076666667       47.7347222222        0.0109854728433        60671 
265.15       19.5013888889        0.00833333335        60681 
265.190833333       -60.4027777778        0.0109854728433        60683 
265.228333333       38.7322222222        0.00372236327537        60686 
265.291666667       -63.39        0.0155173928366        60692 
265.275       66.6733333333        0.0085274416194        60693 
265.3       60.4566666667        0.0117711462287        60695 
265.302916667       45.1522222222        0.0132074432969        60696 
265.425       66.8522222222        0.0117711462287        60708 
265.447083333       23.6733333333        0.0135150841717        60709 
265.458333333       -86.7152777778        0.0104910451192        60712 
265.475       18.2986111111        0.0107354129523        60713 
265.511666667       25.62        0.00490703047111        60716 
265.55       3.18666666667        0.013829890923        60722 
265.55       55.97        0.00814364352425        60723 
265.55       68.3533333333        0.012045331447        60724 
265.633333333       0.216944444444        0.0148189951133        60730 
265.655833333       -76.5977777778        0.0162487050305        60733 
268.85       28.82        0.0107354129523        61113 
270.375833333       -63.7475        0.00935015380455        61288 
272.4175       -63.2161111111        0.00760009034315        61473 
273.362916667       33.7422222222        0.00814364352425        61597 
277.411666667       39.8644444444        0.0107354129523        61944 
278.19375       -41.5108333333        0.0214199648993        62015 
279.136666667       -62.8486111111        0.00814364352425        62116 
279.662916667       -57.8941666667        0.0162487050305        62181 
280.165416667       -77.1569444444        0.0132074432969        62241 
280.753333333       -68.3594444444        0.00833333335        62306 
281.727916667       -63.3630555556        0.00777711918885        62393 
283.35       68.4747222222        0.00617758535655        62535 
284.9       19.4275        0.0151641738521        62651 
285.914166667       -53.9361111111        0.0126130104288        62721 
287.1825       -63.7305555556        0.0155173928366        62815 
288.220833333       -60.3855555556        0.0087260712512        62909 
288.9425       43.4408333333        0.0102522397773        62982 
290.095       -60.3902777778        0.0155173928366        63081 
291.330833333       -63.8613888889        0.0144816736019        63185 
292.626666667       -57.2819444444        0.0158788393481        63297 
293.104583333       -64.4133333333        0.0123259032594        63344 
295.071666667       -54.0869444444        0.0102522397773        63501 
296.747083333       -51.8466666667        0.0079582715661        63662 
298.499583333       -37.9855555556        0.0144816736019        63792 
299.5525       -55.6797222222        0.0123259032594        63896 
300.270833333       -70.3358333333        0.00935015380455        63989 
301.05       7.40138888889        0.0174108011253        64059 
302.082083333       -48.2108333333        0.0174108011253        64153 
302.80125       -48.2761111111        0.0135150841717        64219 
304.040416667       -49.3141666667        0.0107354129523        64384 
307.535416667       -32.2102777778        0.0079582715661        64823 
307.73875       -28.9277777778        0.0102522397773        64860 
308.075       11.3830555556        0.0148189951133        64916 
308.587083333       -31.9805555556        0.0389779285185        64980 
311.3325       -50.7294444444        0.0097908129774        65315 
312.3025       -39.2225        0.00457950729131        65452 
315.870833333       -67.1802777778        0.0132074432969        66000 
317.24       -43.6852777778        0.0089293275615        66198 
321.48125       -22.7616666667        0.00935015380455        66735 
333.906666667       -45.8508333333        0.0214199648993        68431 
335.287916667       36.5908333333        0.013829890923        68623 
335.65       -21.7352777778        0.0117711462287        68686 
341.5       -11.015        0.0178163507815        69677 
353.72       -65.3966666667        0.0132074432969        71800 
359.016666667       -0.988611111111        0.0097908129774        72922