0.1       7.84166666667        0.0070928169992        39 
0.158333333333       20.0591666667        0.00677358764825        53 
4.61875       30.04        0.00956794686495        1204 
9.21708333333       23.9916666667        0.0224294567442        2202 
9.785       -8.39722222222        0.0174108011253        2350 
9.785       -8.40027777778        0.0174108011253        2351 
9.80625       -8.39416666667        0.0158788393481        2353 
10.71875       -23.5411111111        0.0100188703085        2569 
12.7683333333       -7.06555555556        0.0135150841717        2984 
14.4133333333       43.8011111111        0.0126130104288        3442 



36.025       27.3430555556        0.0104910451192        9112 
36.1433333333       28.6080555556        0.0104910451192        9139 
36.3666666667       20.3955555556        0.00617758535655        9205 
36.51125       30.1725        0.0089293275615        9251 
36.5320833333       31.9111111111        0.0144816736019        9258 
36.58625       30.4447222222        0.00693136477305        9270 
36.6245833333       30.5838888889        0.00661940196925        9284 
36.8491666667       -3.95972222222        0.00935015380455        9333 
36.85       24.2597222222        0.0079582715661        9345 
36.9575       31.7258333333        0.0155173928366        9375 
37.0470833333       -5.83861111111        0.0109854728433        9390 
37.0529166667       -1.34638888889        0.0141520304655        9394 
37.05       23.2230555556        0.012045331447        9398 
37.1366666667       29.9847222222        0.0126130104288        9419 
37.13875       20.2833333333        0.0141520304655        9423 
37.36       31.4705555556        0.0107354129523        9476 
37.3645833333       31.64        0.0102522397773        9478 
37.45375       31.4536111111        0.0057652581025        9501 
37.6583333333       27.1566666667        0.00617758535655        9554 
37.825       1.34916666667        0.0129068051834        9598 
38.66125       44.9127777778        0.00956794686495        9818 
36.025       27.3430555556        0.0104910451192        9112 
36.025       27.3430555556        0.0104910451192        9112 
36.025       27.3430555556        0.0104910451192        9112 
38.66125       44.9127777778        0.00956794686495        9818 
38.66125       44.9127777778        0.00956794686495        9818 
39.4204166667       -15.7886111111        0.0109854728433        9960 
39.4758333333       2.32722222222        0.00935015380455        9969 
39.5433333333       -9.54527777778        0.00833333335        9986 
39.54875       30.8475        0.0129068051834        9989 
39.6145833333       1.90694444444        0.0085274416194        10006 
40.4779166667       32.0869444444        0.0109854728433        10218 
40.55       2.41888888889        0.0070928169992        10236 
40.7625       32.4911111111        0.0102522397773        10287 
40.8       1.75        0.0097908129774        10305 
40.955       32.3891666667        0.00693136477305        10337 
41.2241666667       -17.6597222222        0.0144816736019        10403 
41.4195833333       -15.3577777778        0.0135150841717        10445 
41.4758333333       42.7455555556        0.0174108011253        10460 
41.5054166667       28.0277777778        0.00777711918885        10467 
42.2795833333       -16.9936111111        0.0148189951133        10669 
42.3758333333       30.6975        0.00956794686495        10701 
42.5833333333       19.1136111111        0.00742709116595        10768 
42.7541666667       46.9544444444        0.0144816736019        10812 
42.76875       4.4525        0.00372236327537        10813 
42.925       -16.6286111111        0.0148189951133        10851 
43.3445833333       31.6880555556        0.0109854728433        10914 
43.73875       -17.0513888889        0.0144816736019        10994 
43.925       75.1569444444        0.0199902743651        11056 
43.925       36.6902777778        0.0104910451192        11060 
43.9433333333       33.7663888889        0.0166271859914        11065 
43.9741666667       32.335        0.00935015380455        11071 
44.075       75.0863888889        0.0087260712512        11098 
44.7333333333       6.26555555556        0.012045331447        11276 
45.0945833333       34.0727777778        0.0097908129774        11360 
45.1325       -15.7361111111        0.0126130104288        11367 
45.3104166667       44.8975        0.0282370130681        11404 
45.4275       28.7355555556        0.0102522397773        11426 
45.5166666667       36.0991666667        0.00935015380455        11447 
45.5283333333       41.5938888889        0.012045331447        11449 
45.78875       4.27361111111        0.0079582715661        11501 
45.9791666667       -14.2972222222        0.0123259032594        11546 
47.6366666667       -1.27555555556        0.00913731831945        11862 
48.2154166667       4.705        0.0170144829063        11972 
50.05       80.2483333333        0.00777711918885        12480 
50.4808333333       -13.6486111111        0.00935015380455        12614 
51.2325       39.1288888889        0.00956794686495        12763 
52.1       40.1513888889        0.0117711462287        12933 
52.35       39.7925        0.0089293275615        12975 
52.6529166667       -14.4266666667        0.0100188703085        13030 
52.86125       4.37861111111        0.00693136477305        13088 
55.6229166667       -13.4883333333        0.0302565046247        13620 
56.225       5.90472222222        0.0148189951133        13744 
56.725       -11.8122222222        0.0126130104288        13831 
57.53125       17.6841666667        0.00935015380455        13938 
60.175       17.5822222222        0.0109854728433        14274 
60.275       5.55583333333        0.0089293275615        14293 
60.925       19.8836111111        0.00935015380455        14382 
63.0945833333       5.5475        0.00833333335        14651 
64.3033333333       4.78333333333        0.012045331447        14800 
65.22875       5.67277777778        0.0085274416194        14920 
65.6       27.3027777778        0.0126130104288        14986 
66.7       29.9569444444        0.0117711462287        15112 
66.8158333333       32.6244444444        0.0166271859914        15134 
67.025       21.6636111111        0.0102522397773        15179 
67.5445833333       6.93888888889        0.0199902743651        15319 
67.755       8.08583333333        0.0112413573774        15358 
67.8595833333       8.16        0.00935015380455        15389 
67.925       8.44527777778        0.00956794686495        15414 
68.3445833333       7.70611111111        0.0112413573774        15512 
69.2766666667       -3.30444444444        0.0178163507815        15654 
69.775       11.5233333333        0.0109854728433        15731 
70.51625       -7.20694444444        0.00814364352425        15844 
70.9333333333       -5.31944444444        0.00935015380455        15891 
72.82625       -5.96194444444        0.012045331447        16163 
73.2454166667       1.33083333333        0.0141520304655        16242 
75.6345833333       -3.34416666667        0.012045331447        16610 
78.525       -6.13666666667        0.012045331447        16954 
78.975       -6.94194444444        0.0112413573774        17003 
79.87875       4.12444444444        0.00935015380455        17100 
80.2654166667       4.00638888889        0.0282370130681        17156 
81.225       4.48944444444        0.0347391153586        17250 
83.2204166667       -7.77666666667        0.0097908129774        17425 
84.1       63.5838888889        0.0104910451192        17508 
88.7245833333       46.4402777778        0.025166264387        18078 
94.875       64.3294444444        0.0126130104288        18815 
97.75       84.9180555556        0.00913731831945        19177 
98.825       83.5216666667        0.0089293275615        19290 
100.9       28.4447222222        0.00935015380455        19499 
102.44125       29.5252777778        0.0112413573774        19674 
102.7775       12.9219444444        0.0195352401668        19725 
103.05       15.2336111111        0.00956794686495        19760 
103.5       84.0347222222        0.0097908129774        19817 
103.95       84.9055555556        0.0178163507815        19878 
104.018333333       84.0805555556        0.0123259032594        19886 
107.1       29.8852777778        0.0126130104288        20232 
107.85       30.1683333333        0.00935015380455        20351 
107.93375       39.5697222222        0.0087260712512        20366 
108.775       38.1291666667        0.0102522397773        20492 
109.625       31.3752777778        0.00693136477305        20629 
110.362083333       13.2619444444        0.012045331447        20774 
110.42875       35.7375        0.012045331447        20799 
111.254166667       23.7830555556        0.00742709116595        20955 
111.86       33.8113888889        0.00693136477305        21036 
112.225       20.5911111111        0.0166271859914        21100 
112.3       14.4122222222        0.0085274416194        21116 
113.25       65.0147222222        0.00814364352425        21257 
114.3475       14.0811111111        0.0126130104288        21416 
114.455833333       46.3975        0.0087260712512        21443 
115.0725       -1.57388888889        0.0162487050305        21535 
115.885833333       31.5347222222        0.0087260712512        21657 
116.733333333       7.29555555556        0.00935015380455        21779 
117.33       30.9016666667        0.00935015380455        21891 
118.63875       29.71        0.00935015380455        22151 
119.856666667       55.2961111111        0.00661940196925        22393 
120.082916667       26.7027777778        0.0097908129774        22443 
120.78       23.3925        0.0117711462287        22596 
121.0       84.6430555556        0.0182313469027        22640 
121.2925       47.0513888889        0.0117711462287        22698 
121.35       55.9741666667        0.00935015380455        22710 
121.55       84.7738888889        0.0129068051834        22751 
122.208333333       57.77        0.00956794686495        22866 
122.325       57.7513888889        0.0087260712512        22890 
122.525       24.9261111111        0.00661940196925        22918 
122.605833333       67.2433333333        0.0109854728433        22930 
124.227083333       24.1772222222        0.00617758535655        23214 
124.814583333       24.7925        0.0085274416194        23333 
125.085416667       66.9816666667        0.0123259032594        23393 
126.2       66.8794444444        0.0085274416194        23611 
126.575       27.8363888889        0.00935015380455        23673 
127.06       28.0569444444        0.0117711462287        23753 
127.195       40.6658333333        0.0089293275615        23788 
127.275       55.5013888889        0.00935015380455        23812 
128.05       55.8463888889        0.00935015380455        23943 
128.378333333       41.5252777778        0.012045331447        24002 
128.525       66.1816666667        0.0132074432969        24050 
128.912083333       -4.08916666667        0.00935015380455        24136 
129.1775       66.2327777778        0.0085274416194        24206 
130.06       5.63388888889        0.0117711462287        24374 
130.875       64.2647222222        0.0102522397773        24501 
131.2       52.4863888889        0.0102522397773        24572 
132.043333333       37.7552777778        0.0072580299308        24728 
133.169166667       21.4238888889        0.013829890923        24929 
134.053333333       -2.56388888889        0.0151641738521        25102 
135.067083333       35.7211111111        0.0072580299308        25284 
136.50125       18.765        0.0126130104288        25535 
137.435       7.17388888889        0.00617758535655        25825 
137.675416667       7.20666666667        0.0072580299308        25876 
138.185833333       34.9263888889        0.00742709116595        25967 
138.725       40.0541666667        0.0162487050305        26086 
138.95       10.1336111111        0.0087260712512        26127 
139.007083333       17.8219444444        0.00956794686495        26139 
139.58375       17.7538888889        0.0141520304655        26287 
139.7275       50.0208333333        0.0072580299308        26323 
139.759583333       26.2694444444        0.00742709116595        26330 
139.854583333       26.9219444444        0.0097908129774        26347 
140.7       29.3252777778        0.0070928169992        26553 
143.025       68.4338888889        0.0087260712512        27079 
143.225       21.4997222222        0.00777711918885        27115 
143.424583333       39.9844444444        0.0085274416194        27154 
143.5125       9.48138888889        0.00956794686495        27184 
143.529166667       11.0058333333        0.0089293275615        27189 
144.2       66.5613888889        0.0097908129774        27362 
145.075       82.1255555556        0.0144816736019        27597 
145.174166667       13.3213888889        0.0087260712512        27621 
145.235833333       27.7777777778        0.0087260712512        27637 
146.291666667       68.5969444444        0.0117711462287        27939 
147.544166667       44.2944444444        0.00646872598485        28303 
147.625       64.4991666667        0.0097908129774        28328 
149.325       4.52194444444        0.0117711462287        28741 
149.475       47.3391666667        0.00956794686495        28789 
149.55       15.9277777778        0.0089293275615        28800 
149.921666667       -2.15        0.0195352401668        28891 
150.045833333       -2.97638888889        0.00956794686495        28924 
150.13125       4.40694444444        0.0117711462287        28949 
150.197916667       -3.01277777778        0.00935015380455        28967 
150.398333333       -2.99527777778        0.0097908129774        29025 
151.865       12.2761111111        0.0087260712512        29435 
152.114583333       12.3075        0.079582715661        29488 
152.15       70.6438888889        0.0158788393481        29506 
153.034583333       46.2938888889        0.0104910451192        29711 
153.21375       4.79111111111        0.00956794686495        29749 
153.384583333       20.1730555556        0.0126130104288        29802 
153.55       69.1194444444        0.0102522397773        29852 
154.35       17.0736111111        0.0129068051834        30052 
154.582083333       7.04972222222        0.00693136477305        30090 
154.9       6.33138888889        0.0126130104288        30178 
156.045       78.6269444444        0.0112413573774        30491 
156.35       17.1338888889        0.00833333335        30585 
156.425       26.5502777778        0.0072580299308        30617 
157.3025       6.12722222222        0.0170144829063        30885 
157.544583333       -3.16416666667        0.0170144829063        30960 
157.75       78.8522222222        0.00913731831945        31027 
158.175       19.9238888889        0.0087260712512        31151 
158.465       -0.561666666667        0.00935015380455        31236 
158.625       79.1575        0.011503202228        31287 
158.895833333       44.3144444444        0.0072580299308        31376 
159.7       5.68555555556        0.0089293275615        31651 
160.286666667       36.3725        0.0129068051834        31817 
160.33625       6.36055555556        0.0097908129774        31834 
160.380833333       37.3119444444        0.0089293275615        31845 
160.625       15.7188888889        0.0072580299308        31913 
160.702916667       13.4594444444        0.00956794686495        31930 
161.051666667       6.75888888889        0.0141520304655        32021 
161.205416667       27.4683333333        0.0112413573774        32077 
161.4575       27.6202777778        0.00661940196925        32127 
161.540416667       49.5438888889        0.0089293275615        32149 
161.675       25.9227777778        0.00935015380455        32188 
161.688333333       11.8211111111        0.0632147980455        32192 
161.915833333       26.2952777778        0.0129068051834        32243 
161.96       33.7283333333        0.0112413573774        32259 
162.104583333       34.7122222222        0.0170144829063        32302 
162.175       12.3122222222        0.0087260712512        32327 
162.320833333       12.3802777778        0.0072580299308        32376 
162.4       65.5316666667        0.0199902743651        32405 
162.530416667       36.3419444444        0.0102522397773        32452 
162.69       28.4683333333        0.0112413573774        32499 
162.815833333       27.8505555556        0.012045331447        32532 
162.925       18.4811111111        0.0089293275615        32577 
163.42125       -21.7913888889        0.00935015380455        32707 
163.510833333       46.0277777778        0.00742709116595        32729 
163.62125       17.3452777778        0.0174108011253        32763 
163.630833333       17.2855555556        0.0209323869711        32767 
164.525       6.02638888889        0.0087260712512        32986 
164.544583333       7.56472222222        0.0144816736019        32995 
164.55375       4.57277777778        0.00661940196925        33002 
164.656666667       9.05138888889        0.00956794686495        33030 
164.78875       61.5308333333        0.0144816736019        33074 
165.025       76.9269444444        0.0129068051834        33149 
165.025       10.3705555556        0.0129068051834        33152 
165.464166667       16.6066666667        0.0126130104288        33276 
165.547083333       45.89        0.012045331447        33294 
166.07625       50.0344444444        0.00617758535655        33444 
166.115416667       38.2088888889        0.00661940196925        33452 
166.15       -15.2769444444        0.011503202228        33468 
166.509166667       3.31805555556        0.0117711462287        33572 
166.525416667       3.30194444444        0.0097908129774        33577 
166.565       -18.2586111111        0.0097908129774        33581 
166.66875       20.0855555556        0.0085274416194        33615 
166.825       76.6858333333        0.00814364352425        33665 
166.85375       21.6575        0.00956794686495        33682 
166.85375       3.79944444444        0.00956794686495        33686 
166.940416667       19.5494444444        0.0087260712512        33699 
166.975       2.0075        0.0129068051834        33716 
166.997916667       36.8725        0.0072580299308        33720 
167.034583333       45.985        0.0087260712512        33729 
167.215416667       28.4752777778        0.00935015380455        33779 
167.66       28.7677777778        0.0087260712512        33927 
167.7325       28.5430555556        0.0070928169992        33960 
167.725       -3.58027777778        0.0129068051834        33973 
167.855       26.9633333333        0.0085274416194        34025 
167.929583333       -2.45055555556        0.00372236327537        34047 
168.15       78.8069444444        0.00935015380455        34110 
168.275       27.8155555556        0.00956794686495        34152 
169.04       11.0416666667        0.0089293275615        34373 
169.070833333       2.88805555556        0.0070928169992        34379 
169.194583333       18.0177777778        0.011503202228        34415 
169.225416667       18.0533333333        0.0363763194261        34426 
169.244583333       18.1491666667        0.025166264387        34433 
169.417916667       38.0519444444        0.0117711462287        34497 
169.54125       30.4066666667        0.00646872598485        34544 
169.8       -9.84861111111        0.012045331447        34625 
169.821666667       22.8819444444        0.00956794686495        34632 
169.98       -1.48055555556        0.0141520304655        34678 
170.132083333       57.7819444444        0.0166271859914        34718 
170.147916667       -1.49222222222        0.0089293275615        34724 
170.165       -10.2575        0.0135150841717        34731 
170.212916667       -3.64722222222        0.0070928169992        34749 
170.28625       3.19527777778        0.00935015380455        34780 
170.300833333       -2.98416666667        0.00661940196925        34786 
170.57625       13.0647222222        0.0112413573774        34887 
170.664583333       37.7666666667        0.0166271859914        34917 
170.85       53.6897222222        0.0087260712512        34975 
171.375       22.8113888889        0.0072580299308        35125 
171.401666667       54.3822222222        0.0079582715661        35129 
171.692083333       39.2663888889        0.0072580299308        35207 
171.702083333       35.2463888889        0.0070928169992        35210 
171.82875       38.6641666667        0.0141520304655        35235 
171.847083333       19.8536111111        0.0141520304655        35247 
172.035833333       16.9208333333        0.0112413573774        35292 
172.350416667       34.8711111111        0.0129068051834        35396 
172.350416667       -1.74722222222        0.0129068051834        35400 
172.410833333       35.5147222222        0.0087260712512        35413 
172.5       38.6297222222        0.0190905638112        35437 
172.752083333       20.4705555556        0.0079582715661        35494 
172.775       51.7011111111        0.0087260712512        35506 
172.8       77.2680555556        0.0109854728433        35510 
172.8       26.3013888889        0.00742709116595        35513 
172.925416667       28.1538888889        0.00935015380455        35546 
172.93625       34.3333333333        0.00956794686495        35549 
172.972916667       28.3572222222        0.00447526497871        35556 
173.175       -1.43277777778        0.00693136477305        35625 
173.3       50.3122222222        0.00956794686495        35671 
173.64125       71.5405555556        0.00956794686495        35767 
173.705833333       49.0777777778        0.0089293275615        35785 
173.8625       33.3027777778        0.0089293275615        35826 
173.902916667       54.9491666667        0.0087260712512        35840 
173.925       58.1833333333        0.0089293275615        35852 
174.226666667       54.8241666667        0.00913731831945        35945 
174.465833333       21.9738888889        0.00646872598485        36011 
174.836666667       46.5141666667        0.013829890923        36136 
174.837916667       58.2683333333        0.0190905638112        36137 
175.075       17.7616666667        0.00956794686495        36203 
175.204583333       4.80333333333        0.005021329894        36237 
175.2475       1.72611111111        0.0144816736019        36248 
175.25       10.2261111111        0.0097908129774        36250 
175.525       10.3508333333        0.00661940196925        36311 
175.599166667       20.1169444444        0.00935015380455        36349 
175.664583333       24.8227777778        0.00956794686495        36363 
175.695       20.0275        0.0072580299308        36371 
175.75       19.6341666667        0.00935015380455        36388 
175.825       18.1875        0.0129068051834        36433 
175.864166667       52.7127777778        0.0089293275615        36439 
175.94375       55.0475        0.00617758535655        36463 
175.976666667       10.7830555556        0.0087260712512        36475 
175.975       20.0783333333        0.0089293275615        36477 
176.0       20.0186111111        0.0089293275615        36481 
176.075       8.16833333333        0.0072580299308        36520 
176.119166667       16.5586111111        0.012045331447        36535 
176.1       10.7752777778        0.0135150841717        36536 
176.122916667       55.6511111111        0.0089293275615        36539 
176.124583333       69.7316666667        0.00646872598485        36542 
176.125       10.7983333333        0.00742709116595        36547 
176.28875       49.7191666667        0.0087260712512        36613 
176.31875       19.3905555556        0.0072580299308        36620 
176.325       19.4777777778        0.00617758535655        36638 
176.362083333       9.16194444444        0.00956794686495        36644 
176.35       9.72611111111        0.0085274416194        36648 
176.425       10.4844444444        0.0089293275615        36666 
176.44       10.8236111111        0.0166271859914        36669 
176.442083333       3.02888888889        0.012045331447        36671 
176.525       10.6108333333        0.00742709116595        36704 
176.551666667       -3.17944444444        0.0170144829063        36707 
176.95       4.01555555556        0.00742709116595        36817 
177.084166667       21.1661111111        0.00447526497871        36856 
177.125       43.7297222222        0.012045331447        36868 
177.336666667       74.3025        0.00777711918885        36925 
177.325       16.6391666667        0.012045331447        36929 
177.6375       6.56777777778        0.00956794686495        37014 
177.775416667       55.0775        0.0174108011253        37063 
177.85       32.5508333333        0.0097908129774        37088 
177.875       15.4675        0.00935015380455        37105 
177.929166667       21.0027777778        0.00447526497871        37126 
177.94625       48.6813888889        0.0126130104288        37136 
178.15       35.3769444444        0.00760009034315        37208 
178.15       29.3380555556        0.0087260712512        37218 
178.175       23.4736111111        0.00777711918885        37226 
178.320833333       23.4638888889        0.00661940196925        37260 
178.4225       23.3819444444        0.0089293275615        37288 
178.422916667       47.8597222222        0.0240335959074        37290 
178.425       10.4066666667        0.0089293275615        37298 
178.525416667       -3.68138888889        0.0240335959074        37336 
178.7       28.2752777778        0.0070928169992        37375 
178.744583333       26.2022222222        0.0104910451192        37382 
178.810416667       22.6936111111        0.00956794686495        37406 
178.86625       57.6625        0.0085274416194        37427 
178.9       54.9052777778        0.005021329894        37442 
178.9275       32.19        0.00355482933045        37462 
179.3325       36.4158333333        0.0087260712512        37589 
179.3675       31.0847222222        0.00814364352425        37608 
179.40125       55.4591666667        0.0109854728433        37618 
179.45       23.1927777778        0.00603696634605        37635 
179.51125       -3.74333333333        0.00347391153587        37651 
179.586666667       -1.94        0.0144816736019        37673 
179.622083333       27.5288888889        0.0129068051834        37687 
179.68       25.0430555556        0.0072580299308        37702 
179.68875       27.4541666667        0.0151641738521        37705 
179.875       -3.65777777778        0.0072580299308        37784 
179.956666667       30.8441666667        0.00661940196925        37795 
180.182916667       24.8561111111        0.0070928169992        37880 
180.175       31.8727777778        0.0070928169992        37883 
180.294583333       -1.29666666667        0.0102522397773        37914 
180.294583333       -3.67777777778        0.0102522397773        37916 
180.375       33.34        0.0144816736019        37940 
180.437916667       20.3286111111        0.00646872598485        37952 
180.675       1.97888888889        0.022951905907        38031 
180.708333333       18.0161111111        0.005021329894        38040 
180.79       44.5313888889        0.0437339551083        38068 
180.839583333       29.4188888889        0.0135150841717        38081 
181.242083333       43.1497222222        0.012045331447        38254 
181.2825       22.0080555556        0.0079582715661        38266 
181.348333333       17.9216666667        0.00935015380455        38287 
181.375       51.5216666667        0.012045331447        38295 
181.51125       36.8636111111        0.0089293275615        38363 
181.545833333       42.9563888889        0.00956794686495        38375 
181.637916667       39.2377777778        0.00956794686495        38399 
181.8275       36.6569444444        0.0089293275615        38471 
181.975       1.39        0.0072580299308        38513 
182.024583333       25.2380555556        0.0072580299308        38523 
182.154166667       38.8322222222        0.0070928169992        38562 
182.2       29.3052777778        0.0112413573774        38573 
182.23125       41.7402777778        0.00935015380455        38582 
182.23125       -2.405        0.00935015380455        38585 
182.256666667       29.2516666667        0.0089293275615        38593 
182.29       44.0038888889        0.0072580299308        38601 
182.325833333       44.0911111111        0.0089293275615        38619 
182.4025       42.5363888889        0.0178163507815        38654 
182.4025       42.3197222222        0.0178163507815        38655 
182.437916667       56.5241666667        0.0079582715661        38665 
182.444583333       25.0255555556        0.0089293275615        38667 
182.462083333       38.2186111111        0.0126130104288        38677 
182.533333333       35.8780555556        0.0117711462287        38704 
182.560833333       25.3083333333        0.0079582715661        38714 
182.560833333       -1.99305555556        0.0079582715661        38718 
182.64375       25.9255555556        0.00742709116595        38745 
182.667916667       14.6469444444        0.00331755976125        38754 
182.725       50.2908333333        0.012045331447        38781 
182.75       2.00444444444        0.012045331447        38793 
183.037916667       36.1694444444        0.0151641738521        38881 
183.129583333       15.2719444444        0.0072580299308        38914 
183.281666667       16.0888888889        0.00427384487514        38974 
183.45       24.2813888889        0.00935015380455        39033 
183.526666667       14.7272222222        0.00956794686495        39057 
183.575       56.0097222222        0.0085274416194        39090 
183.59625       32.4147222222        0.0079582715661        39092 
183.625       24.3138888889        0.0079582715661        39101 
183.797916667       -3.44194444444        0.0109854728433        39170 
183.825       51.3783333333        0.0174108011253        39191 
183.85       24.0855555556        0.0097908129774        39198 
183.85       51.9427777778        0.00935015380455        39203 
183.98625       14.4322222222        0.012045331447        39256 
184.13375       29.8230555556        0.00935015380455        39322 
184.180833333       69.4655555556        0.182313469027        39346 
184.4225       8.8175        0.00372236327537        39448 
184.629166667       5.56        0.0126130104288        39537 
184.806666667       22.4316666667        0.0135150841717        39640 
184.9275       5.53944444444        0.0166271859914        39699 
184.925       -0.760833333333        0.0087260712512        39705 
184.939583333       6.00611111111        0.0072580299308        39708 
185.0       27.9708333333        0.0158788393481        39749 
185.439166667       25.8855555556        0.0126130104288        39984 
185.439166667       28.4355555556        0.0126130104288        39987 
185.53625       15.8011111111        0.00935015380455        40045 
185.583333333       15.7327777778        0.005021329894        40068 
185.833333333       15.8197222222        0.0112413573774        40209 
185.911666667       1.33861111111        0.00956794686495        40256 
185.927083333       2.95972222222        0.0117711462287        40260 
186.174166667       3.72638888889        0.00372236327537        40414 
186.268333333       25.9586111111        0.0087260712512        40459 
186.487916667       10.0533333333        0.00617758535655        40616 
186.496666667       3.43166666667        0.0234865244742        40621 
186.5       45.91        0.0087260712512        40632 
186.5675       27.8805555556        0.00956794686495        40668 
186.619583333       8.87361111111        0.0170144829063        40695 
187.112083333       28.6755555556        0.0097908129774        41014 
187.162916667       35.7180555556        0.00956794686495        41048 
187.212916667       -1.94083333333        0.0166271859914        41083 
187.559166667       2.62555555556        0.0087260712512        41283 
187.675       57.2944444444        0.0087260712512        41344 
187.75       52.4205555556        0.0102522397773        41400 
187.975       29.7075        0.0117711462287        41512 
187.975       52.3741666667        0.0072580299308        41513 
187.975       -2.87416666667        0.0072580299308        41514 
188.007083333       66.3325        0.0109854728433        41527 
188.334166667       1.52111111111        0.00355482933045        41700 
188.373333333       3.79444444444        0.0079582715661        41716 
188.434166667       -2.64722222222        0.012045331447        41737 
188.439166667       10.9952777778        0.0112413573774        41738 
188.465416667       30.2783333333        0.0214199648993        41755 
188.629166667       9.62472222222        0.0097908129774        41828 
188.65       68.3530555556        0.00956794686495        41846 
188.872916667       -3.79361111111        0.025166264387        41939 
188.875833333       -2.33027777778        0.0129068051834        41941 
188.9025       3.03722222222        0.0158788393481        41958 
188.9       26.2997222222        0.00814364352425        41974 
188.923333333       26.5233333333        0.0151641738521        41975 
189.192083333       32.1147222222        0.00617758535655        42082 
189.39       26.7013888889        0.0097908129774        42154 
189.424166667       32.0858333333        0.0070928169992        42162 
189.482083333       34.0213888889        0.0117711462287        42189 
189.775       -10.1972222222        0.0100188703085        42310 
189.91375       -5.34444444444        0.0324204288143        42375 
189.965       15.2986111111        0.0144816736019        42396 
190.075       -9.31111111111        0.0089293275615        42437 
190.149583333       26.5044444444        0.00742709116595        42479 
190.22       26.7280555556        0.0085274416194        42500 
190.275       26.7208333333        0.00742709116595        42536 
190.382083333       26.0427777778        0.0079582715661        42573 
190.532916667       11.7544444444        0.0079582715661        42638 
190.69625       27.2733333333        0.00935015380455        42726 
190.725       20.9863888889        0.0079582715661        42743 
190.80875       31.0811111111        0.0072580299308        42786 
190.885       11.5822222222        0.0240335959074        42816 
190.889166667       -20.8419444444        0.0129068051834        42819 
190.917916667       11.5494444444        0.05899548215        42831 
191.1575       -10.0841666667        0.0178163507815        42929 
191.220416667       18.7552777778        0.0079582715661        42956 
191.278333333       21.17        0.0028237013068        42971 
191.299166667       23.0366666667        0.0079582715661        42981 
191.49375       45.1988888889        0.00913731831945        43044 
191.665       54.5363888889        0.0170144829063        43101 
191.69125       -21.3911111111        0.0129068051834        43109 
191.685416667       29.7352777778        0.0072580299308        43113 
191.861666667       29.7872222222        0.00956794686495        43161 
191.925416667       26.9811111111        0.0097908129774        43174 
192.19375       41.9219444444        0.0087260712512        43288 
192.325       -10.1255555556        0.0347391153586        43345 
192.535       33.1577777778        0.0117711462287        43428 
192.825       27.4069444444        0.00661940196925        43539 
193.03625       -21.8666666667        0.00833333335        43633 
193.125       26.7463888889        0.012045331447        43686 
193.3       27.0797222222        0.0070928169992        43773 
193.3125       4.465        0.00935015380455        43775 
193.467916667       31.1069444444        0.00646872598485        43843 
193.525       27.0661111111        0.0085274416194        43875 
193.713333333       2.64027777778        0.00646872598485        43971 
193.75       58.7708333333        0.0085274416194        43996 
193.875       27.7688888889        0.0087260712512        44043 
193.95       4.00527777778        0.0135150841717        44089 
194.239583333       -22.8319444444        0.00956794686495        44218 
194.379166667       28.1966666667        0.0085274416194        44319 
194.38125       26.5119444444        0.0072580299308        44322 
194.405       26.8416666667        0.0141520304655        44341 
194.45       28.1708333333        0.00447526497871        44367 
194.525       14.8633333333        0.0166271859914        44414 
194.544583333       -22.8766666667        0.00956794686495        44419 
194.782916667       27.855        0.00331755976125        44551 
194.878333333       27.8838888889        0.0087260712512        44612 
194.88       28.0488888889        0.0109854728433        44616 
194.8925       -21.0977777778        0.0109854728433        44626 
194.9       27.9072222222        0.0072580299308        44640 
194.9375       32.0438888889        0.0072580299308        44659 
194.94       -22.1761111111        0.0132074432969        44660 
195.022083333       28.0783333333        0.0104910451192        44714 
195.05       28.0747222222        0.00693136477305        44723 
195.084583333       28.0469444444        0.0109854728433        44749 
195.1       13.6802777778        0.0129068051834        44753 
195.211666667       28.0416666667        0.0087260712512        44828 
195.22375       28.0069444444        0.0079582715661        44832 
195.235       27.7927777778        0.012045331447        44840 
195.295833333       27.9147222222        0.0112413573774        44878 
195.42875       28.0938888889        0.0123259032594        44928 
195.55       29.2480555556        0.0072580299308        44973 
195.65       50.4336111111        0.0126130104288        45015 
195.755       28.0336111111        0.0126130104288        45055 
195.95875       28.1858333333        0.013829890923        45133 
195.972083333       27.9727777778        0.0123259032594        45140 
196.094583333       28.8113888889        0.00617758535655        45184 
196.125       26.6663888889        0.0072580299308        45194 
196.257083333       35.1783333333        0.0126130104288        45236 
196.352916667       32.8997222222        0.0126130104288        45274 
196.425       35.9875        0.00956794686495        45306 
196.449583333       27.7355555556        0.0135150841717        45311 
196.687916667       35.1011111111        0.0079582715661        45397 
196.825       32.8641666667        0.0132074432969        45451 
196.9       60.1586111111        0.0089293275615        45472 
196.92875       24.8105555556        0.0087260712512        45484 
196.936666667       -22.8566666667        0.0263523138875        45487 
197.0       46.8480555556        0.00833333335        45506 
197.0675       -21.0016666667        0.0170144829063        45524 
197.23       29.0408333333        0.0072580299308        45582 
197.325       7.00777777778        0.0141520304655        45614 
197.459166667       24.5775        0.00661940196925        45664 
197.659583333       20.5366666667        0.0117711462287        45733 
197.659583333       60.5891666667        0.0117711462287        45735 
197.697083333       50.0925        0.00956794686495        45739 
197.7       11.7091666667        0.012045331447        45741 
197.737083333       11.4769444444        0.0129068051834        45750 
197.75       35.5072222222        0.00777711918885        45755 
197.825416667       45.6605555556        0.0087260712512        45773 
197.844166667       34.4180555556        0.0087260712512        45778 
197.87875       31.5477777778        0.0141520304655        45790 
197.9       50.2688888889        0.0097908129774        45798 
198.025       21.4133333333        0.0097908129774        45839 
198.07875       50.3930555556        0.00935015380455        45861 
198.1775       4.72972222222        0.0070928169992        45885 
198.2       21.8083333333        0.00760009034315        45894 
198.780833333       34.3294444444        0.00646872598485        46092 
199.174166667       21.9755555556        0.00935015380455        46229 
199.604583333       31.4711111111        0.0072580299308        46354 
199.692083333       27.7319444444        0.0089293275615        46387 
199.730416667       -21.0391666667        0.0646872598485        46400 
199.975       30.1308333333        0.00814364352425        46496 
200.07       -21.8269444444        0.0661940196925        46525 
200.088333333       31.5147222222        0.0070928169992        46538 
200.125       5.40083333333        0.0087260712512        46556 
200.182916667       -22.0502777778        0.0186560095254        46574 
200.7125       31.8263888889        0.0070928169992        46736 
200.749166667       13.9522222222        0.0117711462287        46754 
200.9       31.6472222222        0.00617758535655        46796 
200.93875       31.565        0.0219188999763        46809 
201.309166667       43.2666666667        0.0166271859914        46934 
201.325       18.45        0.0087260712512        46940 
201.587083333       4.46777777778        0.0174108011253        47037 
201.625       42.7577777778        0.0112413573774        47053 
202.1       30.8202777778        0.0089293275615        47254 
202.140416667       46.9263888889        0.0170144829063        47270 
202.1975       53.4427777778        0.0129068051834        47291 
202.35       11.6180555556        0.0072580299308        47358 
202.494583333       47.2725        0.0479533282074        47413 
202.525       31.3863888889        0.00617758535655        47433 
202.547916667       46.6711111111        0.0166271859914        47441 
202.715833333       -1.77916666667        0.005021329894        47503 
202.9525       14.1402777778        0.0089293275615        47572 
203.12875       1.84694444444        0.0097908129774        47641 
203.605833333       34.6916666667        0.012045331447        47822 
203.991666667       33.4308333333        0.00956794686495        47980 
204.0       66.2983333333        0.012045331447        47988 
204.064166667       46.1997222222        0.0129068051834        48012 
204.60875       33.1188888889        0.0141520304655        48206 
204.85       46.01        0.0126130104288        48291 
205.323333333       33.7727777778        0.0112413573774        48441 
205.4       30.0866666667        0.0072580299308        48477 
206.075       20.4141666667        0.00956794686495        48682 
206.075       29.9141666667        0.00956794686495        48684 
206.125       4.77638888889        0.0087260712512        48693 
206.3       23.2188888889        0.00956794686495        48760 
206.36375       47.9222222222        0.0117711462287        48777 
206.45       22.085        0.0135150841717        48795 
206.57875       43.8522222222        0.00742709116595        48811 
206.824583333       34.1502777778        0.00617758535655        48887 
206.939166667       17.7180555556        0.0087260712512        48918 
206.958333333       37.7502777778        0.0070928169992        48926 
207.05       24.7852777778        0.0097908129774        48952 
207.65       42.5408333333        0.0141520304655        49138 
207.858333333       43.805        0.0079582715661        49195 
208.34       40.3633333333        0.0263523138875        49347 
208.44125       40.3380555556        0.00935015380455        49380 
208.6475       38.4502777778        0.00693136477305        49441 
208.919166667       40.4622222222        0.0363763194261        49514 
209.305833333       12.0222222222        0.00661940196925        49626 
209.3       12.0055555556        0.0072580299308        49627 
209.375       6.09777777778        0.0141520304655        49650 
209.640833333       37.455        0.0144816736019        49739 
209.730416667       22.0194444444        0.0097908129774        49763 
209.854166667       -3.20861111111        0.0097908129774        49792 
209.877916667       38.7930555556        0.0112413573774        49798 
210.038333333       38.6730555556        0.0087260712512        49835 
210.175       30.0713888889        0.00646872598485        49883 
210.235416667       41.0061111111        0.00661940196925        49896 
210.424166667       -11.6069444444        0.012045331447        49940 
210.819166667       38.5319444444        0.0087260712512        50067 
211.296666667       -3.37        0.0151641738521        50229 
211.77125       13.0047222222        0.00617758535655        50357 
212.259166667       14.3177777778        0.0089293275615        50495 
212.38375       14.8322222222        0.0087260712512        50530 
212.525       17.6122222222        0.00956794686495        50584 
212.73125       39.7719444444        0.0072580299308        50627 
212.75       25.6863888889        0.00814364352425        50639 
212.825       17.5077777778        0.0126130104288        50657 
213.47375       57.7725        0.0148189951133        50832 
213.940833333       40.1047222222        0.0087260712512        50954 
214.8025       24.7963888889        0.0117711462287        51155 
215.175       51.155        0.00956794686495        51256 
216.022083333       33.0488888889        0.00956794686495        51431 
216.652916667       51.5847222222        0.00956794686495        51568 
216.775       50.57        0.0097908129774        51599 
216.870416667       46.1469444444        0.0170144829063        51620 
216.874583333       4.77833333333        0.00742709116595        51622 
216.875       4.81166666667        0.00693136477305        51624 
217.125       11.3830555556        0.0129068051834        51705 
217.285       41.8302777778        0.00742709116595        51746 
217.385416667       38.6697222222        0.0087260712512        51777 
217.492916667       36.8741666667        0.00956794686495        51803 
217.752916667       25.4888888889        0.0072580299308        51864 
217.825       7.93944444444        0.0087260712512        51883 
218.3275       34.7347222222        0.0072580299308        52010 
218.325       3.88472222222        0.0079582715661        52011 
218.375       3.66722222222        0.0079582715661        52023 
218.65       4.26194444444        0.0162487050305        52092 
219.13375       41.6855555556        0.0072580299308        52207 
219.34625       36.5708333333        0.0129068051834        52261 
219.446666667       21.3563888889        0.00956794686495        52279 
219.729583333       20.5077777778        0.0087260712512        52347 
220.242083333       2.18694444444        0.0097908129774        52456 
220.489166667       8.45944444444        0.0087260712512        52499 
220.693333333       -0.350833333333        0.00956794686495        52550 
221.332083333       38.7325        0.0166271859914        52686 
221.361666667       27.0494444444        0.0126130104288        52700 
221.4       51.5763888889        0.0072580299308        52708 
221.525       54.6727777778        0.00956794686495        52732 
221.639166667       33.4083333333        0.00935015380455        52754 
221.670416667       12.6077777778        0.0087260712512        52766 
221.922916667       9.65777777778        0.0072580299308        52832 
222.25       22.2138888889        0.00935015380455        52912 
222.354166667       25.3802777778        0.00956794686495        52930 
222.425       60.3769444444        0.0126130104288        52952 
223.444583333       20.1155555556        0.0087260712512        53239 
223.6       18.6261111111        0.0089293275615        53279 
224.0       11.8597222222        0.0087260712512        53382 
224.175       9.46972222222        0.012045331447        53419 
224.220833333       9.26972222222        0.0087260712512        53424 
224.274583333       49.6688888889        0.0102522397773        53437 
224.289166667       48.6338888889        0.0087260712512        53441 
224.74125       20.0505555556        0.0087260712512        53528 
224.725       53.9211111111        0.0155173928366        53532 
225.20375       48.3613888889        0.0097908129774        53622 
225.290833333       44.6977777778        0.00661940196925        53641 
225.38625       48.3188888889        0.0141520304655        53657 
225.575       5.65722222222        0.0126130104288        53696 
225.605833333       48.8777777778        0.00956794686495        53699 
226.364583333       23.6883333333        0.0089293275615        53864 
226.475       3.70694444444        0.0085274416194        53898 
226.632083333       9.44111111111        0.00956794686495        53935 
226.625       51.9077777778        0.0089293275615        53936 
226.725       12.8591666667        0.00935015380455        53974 
226.899583333       14.5458333333        0.0087260712512        54002 
227.65       55.3422222222        0.0166271859914        54154 
227.808333333       46.1505555556        0.00935015380455        54197 
228.010416667       1.69805555556        0.0209323869711        54262 
228.115       20.6538888889        0.00935015380455        54282 
228.279583333       41.2647222222        0.0109854728433        54316 
229.52625       42.7458333333        0.0070928169992        54618 
229.725       20.8183333333        0.0089293275615        54664 
229.856666667       11.0527777778        0.0097908129774        54691 
230.3075       -13.1008333333        0.0117711462287        54779 
230.68875       29.7708333333        0.0072580299308        54895 
230.982083333       46.5994444444        0.0087260712512        54980 
230.985833333       67.1491666667        0.00742709116595        54996 
231.523333333       41.6713888889        0.00814364352425        55076 
232.015833333       55.5419444444        0.00646872598485        55169 
232.739166667       36.8066666667        0.0079582715661        55285 
233.237916667       46.4519444444        0.00956794686495        55381 
233.705833333       28.6552777778        0.0087260712512        55494 
234.1       31.1488888889        0.0072580299308        55581 
234.625       41.0358333333        0.00935015380455        55668 
235.275       -1.71027777778        0.00956794686495        55792 
235.343333333       28.2297222222        0.0072580299308        55797 
237.2       18.0980555556        0.0102522397773        56105 
238.2       40.6411111111        0.0112413573774        56287 
238.525       19.115        0.005021329894        56329 
239.476666667       41.9372222222        0.005021329894        56502 
239.477083333       58.1611111111        0.0072580299308        56504 
239.505416667       14.9633333333        0.00742709116595        56508 
239.988333333       41.4777777778        0.00646872598485        56616 
240.025       79.8625        0.0085274416194        56623 
240.40625       16.4280555556        0.00693136477305        56727 
240.975       25.0219444444        0.0126130104288        56903 
241.15       79.6177777778        0.00935015380455        56976 
241.387083333       17.5988888889        0.0085274416194        57062 
241.625       17.7755555556        0.0089293275615        57157 
241.75       81.3094444444        0.0117711462287        57195 
242.71125       17.0572222222        0.0072580299308        57390 
242.75       52.4638888889        0.0087260712512        57404 
242.975       29.8391666667        0.0087260712512        57455 
243.936666667       31.9644444444        0.00632147980455        57648 
244.334583333       61.9391666667        0.00617758535655        57729 
244.887083333       57.6136111111        0.0087260712512        57828 
246.07375       39.2111111111        0.0085274416194        58030 
247.175       79.4844444444        0.0151641738521        58288 
247.365416667       21.3397222222        0.0190905638112        58336 
247.437083333       40.8144444444        0.0144816736019        58348 
248.29       34.9263888889        0.005021329894        58490 
249.475       7.57388888889        0.00913731831945        58646 
250.25       62.3933333333        0.0087260712512        58750 
251.025       62.0786111111        0.0182313469027        58866 
252.01625       62.2013888889        0.0129068051834        59009 
252.387916667       45.4977777778        0.00331755976125        59065 
252.475       9.42111111111        0.0126130104288        59081 
252.7       4.58555555556        0.0070928169992        59106 
254.934166667       42.5391666667        0.00956794686495        59393 
257.15       9.60527777778        0.0089293275615        59687 
258.3       59.3327777778        0.0072580299308        59864 
258.5       75.2266666667        0.0158788393481        59888 
259.725       8.44944444444        0.0102522397773        60053 
260.675       62.1688888889        0.00935015380455        60171 
260.675       62.1688888889        0.0097908129774        60174 
260.825       23.6336111111        0.0123259032594        60191 
261.25       72.8844444444        0.0089293275615        60250 
261.325       23.3011111111        0.00833333335        60259 
261.325       45.6344444444        0.0087260712512        60268 
262.45       77.3883333333        0.0097908129774        60397 
266.025       67.5786111111        0.011503202228        60773 
266.05       67.6119444444        0.00935015380455        60778 
267.018333333       14.7411111111        0.0117711462287        60879 
267.557916667       14.2869444444        0.0117711462287        60957 
267.675       14.8219444444        0.00935015380455        60975 
268.35       58.3797222222        0.0144816736019        61058 
269.8       56.2230555556        0.0155173928366        61220 
273.4975       13.2772222222        0.0126130104288        61611 
274.4       22.2472222222        0.0141520304655        61693 
275.85       40.9386111111        0.0112413573774        61819 
276.4       22.3308333333        0.0089293275615        61863 
277.649166667       42.6927777778        0.0129068051834        61970 
279.994583333       39.9819444444        0.00956794686495        62220 
280.025       21.4977777778        0.0104910451192        62225 
290.5       63.1616666667        0.0087260712512        63141 
292.720416667       35.7886111111        0.00956794686495        63307 
292.877083333       35.8811111111        0.0144816736019        63328 
304.751666667       -22.1561111111        0.0100188703085        64469 
305.475       60.7372222222        0.0097908129774        64542 
306.075       7.15111111111        0.0097908129774        64629 
306.275       12.3963888889        0.0070928169992        64653 
308.716666667       60.1541666667        0.138298909229        65001 
311.904166667       -15.5366666667        0.0135150841717        65388 
312.07375       -3.88611111111        0.0087260712512        65417 
313.147083333       -5.71083333333        0.0129068051834        65631 
313.85       -13.4425        0.0117711462287        65717 
314.15       -3.3675        0.0123259032594        65753 
315.435833333       -13.3130555556        0.0112413573774        65928 
316.335833333       -7.84611111111        0.0097908129774        66068 
316.950416667       16.3366666667        0.0170144829063        66151 
318.042916667       11.66        0.0087260712512        66328 
318.2       8.78027777778        0.00956794686495        66355 
319.45       13.5938888889        0.0085274416194        66514 
319.825       14.0638888889        0.013829890923        66554 
319.9       21.9702777778        0.0155173928366        66558 
320.0975       -13.1713888889        0.0102522397773        66583 
320.275       26.2630555556        0.0123259032594        66608 
320.282916667       23.085        0.0129068051834        66610 
320.6       15.2797222222        0.0089293275615        66647 
323.275       8.01194444444        0.0079582715661        66949 
325.975833333       46.6175        0.0109854728433        67255 
328.9       10.4758333333        0.0087260712512        67650 
329.09875       1.36333333333        0.0070928169992        67673 
329.125       15.9547222222        0.0087260712512        67678 
329.64125       14.1208333333        0.0117711462287        67759 
331.28625       26.61        0.00693136477305        68005 
331.9675       31.3597222222        0.0355482933045        68096 
332.05       4.69416666667        0.0112413573774        68112 
332.892916667       29.8588888889        0.0089293275615        68246 
333.625       5.03138888889        0.00935015380455        68364 
333.85       19.2158333333        0.0170144829063        68420 
333.93625       2.06416666667        0.00935015380455        68438 
334.049166667       27.9061111111        0.00935015380455        68460 
334.1       18.8022222222        0.0087260712512        68467 
334.870833333       29.3863888889        0.0144816736019        68573 
335.448333333       25.3191666667        0.00777711918885        68643 
335.575       5.13888888889        0.0087260712512        68664 
335.649166667       28.4688888889        0.00693136477305        68685 
335.854583333       19.8513888889        0.0112413573774        68735 
335.854583333       41.1813888889        0.0112413573774        68736 
335.946666667       32.4019444444        0.0085274416194        68748 
336.025       41.2572222222        0.00913731831945        68769 
336.07       32.4463888889        0.0079582715661        68774 
336.625       25.1325        0.0087260712512        68873 
337.292083333       38.5313888889        0.00956794686495        68974 
337.963333333       19.6927777778        0.00935015380455        69079 
338.881666667       34.8030555556        0.0144816736019        69241 
338.984583333       20.3238888889        0.00935015380455        69259 
339.372083333       10.5330555556        0.0178163507815        69349 
339.419166667       34.8466666667        0.0085274416194        69360 
339.555416667       35.4988888889        0.012045331447        69374 
340.661666667       29.7263888889        0.00617758535655        69553 
341.047916667       10.0313888889        0.00742709116595        69616 
341.35       21.8133333333        0.00742709116595        69659 
341.45       11.1        0.00833333335        69670 
342.575       11.5333333333        0.00935015380455        69836 
342.575       11.5        0.0087260712512        69837 
344.1725       -7.37916666667        0.0112413573774        70080 
344.509166667       -3.77111111111        0.00956794686495        70127 
344.85       12.7058333333        0.0085274416194        70181 
344.86125       15.5491666667        0.0097908129774        70183 
345.15625       16.3613888889        0.00372236327537        70244 
345.169583333       8.46666666667        0.0087260712512        70245 
345.3       12.7375        0.0132074432969        70266 
345.355833333       30.2361111111        0.0129068051834        70275 
345.428333333       2.26361111111        0.0126130104288        70287 
345.450833333       15.5836111111        0.00742709116595        70290 
345.579583333       16.0277777778        0.0087260712512        70307 
345.74625       34.7272222222        0.0079582715661        70330 
345.747083333       16.6027777778        0.00742709116595        70332 
345.815       8.87472222222        0.0126130104288        70348 
345.975       30.1752777778        0.0087260712512        70373 
346.024166667       1.90777777778        0.0087260712512        70381 
346.05       17.9077777778        0.0087260712512        70387 
346.225       19.5519444444        0.0117711462287        70417 
346.4       18.9930555556        0.0117711462287        70447 
347.125       12.83        0.0155173928366        70558 
347.625       11.0219444444        0.0162487050305        70620 
348.513333333       8.9925        0.0072580299308        70755 
348.610833333       -2.69888888889        0.0087260712512        70781 
348.773333333       -2.32472222222        0.00935015380455        70820 
349.4875       11.3491666667        0.0087260712512        70981 
349.49875       9.68194444444        0.0109854728433        70984 
349.65       22.8744444444        0.0102522397773        71018 
349.8       8.33472222222        0.0129068051834        71055 
349.853333333       5.90638888889        0.0070928169992        71070 
350.176666667       8.21722222222        0.0224294567442        71140 
350.2       2.51416666667        0.0087260712512        71148 
350.288333333       33.4033333333        0.0087260712512        71166 
350.325       11.4033333333        0.0097908129774        71176 
350.525       13.0452777778        0.0155173928366        71221 
350.55       9.39388888889        0.0170144829063        71228 
350.625       5.13305555556        0.0087260712512        71244 
350.910833333       -19.0102777778        0.0107354129523        71308 
351.13125       -19.0602777778        0.0100188703085        71357 
351.725416667       8.78444444444        0.00935015380455        71461 
351.986666667       8.77722222222        0.00956794686495        71504 
352.0275       18.53        0.00646872598485        71519 
352.145416667       32.4163888889        0.0170144829063        71541 
352.15       17.2830555556        0.0072580299308        71542 
352.587083333       32.8877777778        0.00617758535655        71615 
352.722916667       -2.93472222222        0.0141520304655        71634 
352.726666667       3.5475        0.0109854728433        71635 
353.025       35.3922222222        0.00956794686495        71689 
353.120416667       23.9316666667        0.0117711462287        71701 
353.175       -1.77166666667        0.0097908129774        71711 
353.375       21.1191666667        0.0089293275615        71740 
353.59625       34.6252777778        0.00935015380455        71772 
353.639583333       28.7113888889        0.0087260712512        71783 
353.7       26.3033333333        0.00935015380455        71795 
353.7       44.3033333333        0.0126130104288        71798 
353.945416667       24.5783333333        0.00814364352425        71848 
354.0       23.0355555556        0.0079582715661        71856 
354.06125       2.155        0.0162487050305        71868 
354.075       21.1383333333        0.00661940196925        71875 
354.091666667       2.15666666667        0.0219188999763        71878 
354.110833333       27.9813888889        0.0089293275615        71880 
355.325       16.1341666667        0.0072580299308        72118 
355.442916667       -1.35166666667        0.00693136477305        72138 
355.755       19.4238888889        0.00814364352425        72193 
356.387916667       1.68861111111        0.00956794686495        72330 
357.0       27.3694444444        0.0085274416194        72452 
357.250416667       -19.6919444444        0.0087260712512        72503 
357.7675       20.1516666667        0.0141520304655        72615 
358.304583333       28.2847222222        0.00956794686495        72744 
358.475       52.1547222222        0.012045331447        72790 
359.472083333       22.3552777778        0.00742709116595        73053 
359.755       18.8336111111        0.00646872598485        73127 
359.876666667       18.2033333333        0.0129068051834        73171
