36.0508333333       5.37138888889        0.00742709116595        9118 
36.1033333333       -2.16138888889        0.0141520304655        9126 
36.1179166667       1.83777777778        0.00693136477305        9128 
36.13125       31.615        0.0204559076716        9134 
36.1433333333       28.6080555556        0.0104910451192        9139 
36.1779166667       25.5313888889        0.00479533282074        9147 
36.25       19.6727777778        0.0129068051834        9169 
36.2516666667       26.0505555556        0.0079582715661        9170 
36.25       22.2063888889        0.0070928169992        9173 
36.2920833333       23.8494444444        0.00490703047111        9182 
36.3029166667       20.9508333333        0.00913731831945        9183 
36.3154166667       45.4516666667        0.0186560095254        9186 
36.31625       24.2622222222        0.00632147980455        9187 
36.3666666667       20.3955555556        0.00617758535655        9205 
