20.9941666667       33.3133333333       20.9938259       +33.3132294       0.00214133051727       5129 
20.9995833333       33.9080555556       20.9990935       +33.9079103       0.00806008153972       5132 
21.0166666667       12.9163888889       21.0165320       +12.9169013       0.019361400985       5139 
21.025       43.2330555556       21.0015660       +43.2265079       0.013532246118       5146 
21.025       9.93305555556       21.0357664       +9.9303971       0.00577271630607       5147 
21.0345833333       9.55138888889       21.0336231       +9.5517636       0.0216405596189       5148 
21.0166666667       27.0469444444       21.0167254       +27.0470621       0.00781793815597       5150 
21.07375       9.33194444444       21.0737556       +9.3310083       0.0321220750234       5161 
20.925       6.71444444444       20.9339896       +6.6998313       0.00226013441496       5101 
20.8779166667       11.2911111111       20.8779983       +11.2910258       0.016372999308       5103 
20.925       11.5077777778       20.9442024       +11.5091678       0.0144443255987       5105 
20.9495833333       33.0558333333       20.9494448       +33.0553711       0.00453362268127       5108 
20.925       6.71444444444       20.9563808       +33.1562385       0.0124888998577       5101 
20.8779166667       11.2911111111       20.9563808       +33.1562385       0.0124888998577       5103 
20.925       11.5077777778       20.9563808       +33.1562385       0.0124888998577       5105 
20.9495833333       33.0558333333       20.9563808       +33.1562385       0.0124888998577       5108 
20.9495833333       33.1563888889       20.9563808       +33.1562385       0.0124888998577       5110 
20.9941666667       33.3133333333       20.9563808       +33.1562385       0.0124888998577       5129 
20.9995833333       33.9080555556       20.9563808       +33.1562385       0.0124888998577       5132 
21.0166666667       12.9163888889       20.9563808       +33.1562385       0.0124888998577       5139 
21.025       43.2330555556       20.9563808       +33.1562385       0.0124888998577       5146 
21.025       9.93305555556       20.9563808       +33.1562385       0.0124888998577       5147 
21.0345833333       9.55138888889       20.9563808       +33.1562385       0.0124888998577       5148 
21.0166666667       27.0469444444       20.9563808       +33.1562385       0.0124888998577       5150 
21.07375       9.33194444444       20.9563808       +33.1562385       0.0124888998577       5161 
21.075       -1.74861111111       20.9563808       +33.1562385       0.0124888998577       5164 
21.0908333333       32.2238888889       20.9563808       +33.1562385       0.0124888998577       5165 
21.1       9.89055555556       20.9563808       +33.1562385       0.0124888998577       5172 
21.1125       33.7991666667       20.9563808       +33.1562385       0.0124888998577       5174 
21.125       15.7663888889       20.9563808       +33.1562385       0.0124888998577       5181 
21.12       -1.64194444444       20.9563808       +33.1562385       0.0124888998577       5182 
21.1225       -4.55166666667       20.9563808       +33.1562385       0.0124888998577       5187 
21.1425       1.73166666667       20.9563808       +33.1562385       0.0124888998577       5190 
21.125       2.02305555556       20.9563808       +33.1562385       0.0124888998577       5192 
21.1445833333       3.79694444444       20.9563808       +33.1562385       0.0124888998577       5193 
21.1425       16.5363888889       20.9563808       +33.1562385       0.0124888998577       5194 
21.1533333333       21.8822222222       20.9563808       +33.1562385       0.0124888998577       5197 
21.15       7.73222222222       20.9563808       +33.1562385       0.0124888998577       5198 
21.1608333333       33.4730555556       20.9563808       +33.1562385       0.0124888998577       5201 
21.1       3.88333333333       20.9563808       +33.1562385       0.0124888998577       5208 
21.1729166667       -1.58666666667       20.9563808       +33.1562385       0.0124888998577       5210 
21.1825       33.4297222222       21.182       33.42944       0.0124888998577       5214 
21.175       9.75333333333       20.9563808       +33.1562385       0.0124888998577       5213 
21.1883333333       32.1658333333       20.9563808       +33.1562385       0.0124888998577       5217 
21.1904166667       9.99416666667       20.9563808       +33.1562385       0.0124888998577       5218 
21.175       1.0275       20.9563808       +33.1562385       0.0124888998577       5220 
21.1991666667       9.53916666667       20.9563808       +33.1562385       0.0124888998577       5222 
21.2070833333       32.2347222222       20.9563808       +33.1562385       0.0124888998577       5226 
21.2       -1.49       20.9563808       +33.1562385       0.0124888998577       5228 
21.21875       -1.61777777778       20.9563808       +33.1562385       0.0124888998577       5231 
21.21875       9.70222222222       20.9563808       +33.1562385       0.0124888998577       5232 
21.25       0.435       20.9563808       +33.1562385       0.0124888998577       5238 
21.275       8.69       20.9563808       +33.1562385       0.0124888998577       5245 
21.305       14.8722222222       20.9563808       +33.1562385       0.0124888998577       5250 
21.275       2.05555555556       20.9563808       +33.1562385       0.0124888998577       5251 
21.275       2.28888888889       20.9563808       +33.1562385       0.0124888998577       5252 
21.3420833333       14.8383333333       21.34226       14.83857       0.0124888998577       5271 
21.3       -1.50166666667       20.9563808       +33.1562385       0.0124888998577       5258 
21.3216666667       9.265       20.9563808       +33.1562385       0.0124888998577       5264 
21.3320833333       34.0244444444       20.9563808       +33.1562385       0.0124888998577       5268 
21.3533333333       14.8633333333       21.352       14.86455       0.0124888998577       5271 
21.3483333333       14.5194444444       20.9563808       +33.1562385       0.0124888998577       5270 
21.35       7.54666666667       20.9563808       +33.1562385       0.0124888998577       5273 
21.3591666667       -1.55138888889       20.9563808       +33.1562385       0.0124888998577       5275 
21.35       10.8013888889       20.9563808       +33.1562385       0.0124888998577       5276 
21.38       -1.40916666667       20.9563808       +33.1562385       0.0124888998577       5282 
21.38125       1.75972222222       20.9563808       +33.1562385       0.0124888998577       5283 
21.38125       32.1361111111       20.9563808       +33.1562385       0.0124888998577       5284 
21.375       -1.48611111111       20.9563808       +33.1562385       0.0124888998577       5289 
21.3904166667       33.6711111111       20.9563808       +33.1562385       0.0124888998577       5290 
21.375       0.121111111111       20.9563808       +33.1562385       0.0124888998577       5291 
21.4016666667       18.0622222222       20.9563808       +33.1562385       0.0124888998577       5294 
21.3941666667       14.975       20.9563808       +33.1562385       0.0124888998577       5298 
21.4179166667       34.7130555556       20.9563808       +33.1562385       0.0124888998577       5299 
21.435       -1.37833333333       20.9563808       +33.1562385       0.0124888998577       5305 
21.425       -1.445       20.9563808       +33.1562385       0.0124888998577       5307 
21.45875       -1.29388888889       20.9563808       +33.1562385       0.0124888998577       5311 
21.45       -1.32361111111       20.9563808       +33.1562385       0.0124888998577       5314 
21.45       1.48361111111       20.9563808       +33.1562385       0.0124888998577       5316 
21.4975       -1.33944444444       21.49633       -1.34022       0.0124888998577       5324 
21.5033333333       -1.34388888889       21.50258       -1.3451       0.0124888998577       5324 
21.485       16.6019444444       20.9563808       +33.1562385       0.0124888998577       5321 
21.51125       -1.22666666667       20.9563808       +33.1562385       0.0124888998577       5326 
21.5129166667       11.4441666667       20.9563808       +33.1562385       0.0124888998577       5328 
21.4908333333       -3.98222222222       20.9563808       +33.1562385       0.0124888998577       5329 
21.5       0.332222222222       20.9563808       +33.1562385       0.0124888998577       5330 
21.5       33.405       20.9563808       +33.1562385       0.0124888998577       5333 
21.57875       34.7544444444       20.9563808       +33.1562385       0.0124888998577       5340 
21.575       -6.07111111111       20.9563808       +33.1562385       0.0124888998577       5341 
21.59       34.7038888889       21.5907       34.70302       0.0124888998577       5344 
21.575       9.92111111111       20.9563808       +33.1562385       0.0124888998577       5343 
21.5916666667       6.27611111111       20.9563808       +33.1562385       0.0124888998577       5345 
21.6       -8.07583333333       20.9563808       +33.1562385       0.0124888998577       5348 
21.605       -1.63944444444       20.9563808       +33.1562385       0.0124888998577       5351 
21.6291666667       34.6755555556       20.9563808       +33.1562385       0.0124888998577       5360 
21.6404166667       31.6127777778       20.9563808       +33.1562385       0.0124888998577       5364 
21.625       0.565555555556       20.9563808       +33.1562385       0.0124888998577       5366 
21.6570833333       48.3933333333       20.9563808       +33.1562385       0.0124888998577       5368 
21.65       10.2766666667       20.9563808       +33.1562385       0.0124888998577       5370 
21.6758333333       2.02166666667       20.9563808       +33.1562385       0.0124888998577       5374 
21.675       -1.33083333333       20.9563808       +33.1562385       0.0124888998577       5379 
21.675       -0.9975       20.9563808       +33.1562385       0.0124888998577       5380 
21.6829166667       17.2641666667       20.9563808       +33.1562385       0.0124888998577       5382 
21.7       46.7808333333       20.9563808       +33.1562385       0.0124888998577       5386 
21.7025       12.0241666667       20.9563808       +33.1562385       0.0124888998577       5392 
21.7266666667       19.2141666667       20.9563808       +33.1562385       0.0124888998577       5395 
21.7725       18.5983333333       20.9563808       +33.1562385       0.0124888998577       5403 
21.7891666667       14.7758333333       20.9563808       +33.1562385       0.0124888998577       5411 
21.8025       13.6027777778       20.9563808       +33.1562385       0.0124888998577       5415 
21.8083333333       -21.7727777778       20.9563808       +33.1562385       0.0124888998577       5422 
21.8383333333       11.9755555556       20.9563808       +33.1562385       0.0124888998577       5423 
21.8       -1.25888888889       20.9563808       +33.1562385       0.0124888998577       5424 
21.8170833333       -1.97194444444       20.9563808       +33.1562385       0.0124888998577       5425 
21.8566666667       -1.91194444444       20.9563808       +33.1562385       0.0124888998577       5430 
21.8566666667       14.8186111111       20.9563808       +33.1562385       0.0124888998577       5433 
21.885       19.1775       20.9563808       +33.1562385       0.0124888998577       5435 
21.875       -1.09416666667       20.9563808       +33.1562385       0.0124888998577       5436 
21.875       -4.68277777778       20.9563808       +33.1562385       0.0124888998577       5437 
21.895       31.5547222222       20.9563808       +33.1562385       0.0124888998577       5440 
21.9       -1.12138888889       20.9563808       +33.1562385       0.0124888998577       5449 
21.9195833333       37.1830555556       20.9563808       +33.1562385       0.0124888998577       5450 
21.9445833333       43.1544444444       20.9563808       +33.1562385       0.0124888998577       5453 
21.95125       -1.87944444444       20.9563808       +33.1562385       0.0124888998577       5455 
21.9533333333       48.8194444444       20.9563808       +33.1562385       0.0124888998577       5457 
21.95       43.2527777778       20.9563808       +33.1562385       0.0124888998577       5460 
21.9795833333       -2.04138888889       20.9563808       +33.1562385       0.0124888998577       5465 
22.0033333333       32.0327777778       20.9563808       +33.1562385       0.0124888998577       5473 
22.0225       38.2155555556       20.9563808       +33.1562385       0.0124888998577       5475 
22.0254166667       49.2413888889       20.9563808       +33.1562385       0.0124888998577       5476 
22.025       10.4247222222       20.9563808       +33.1562385       0.0124888998577       5479 
22.0420833333       -1.30638888889       20.9563808       +33.1562385       0.0124888998577       5481 
22.0541666667       -1.91666666667       20.9563808       +33.1562385       0.0124888998577       5484 
22.1016666667       16.4588888889       20.9563808       +33.1562385       0.0124888998577       5486 
22.0725       28.9880555556       20.9563808       +33.1562385       0.0124888998577       5488 
22.0783333333       34.3086111111       20.9563808       +33.1562385       0.0124888998577       5489 
22.09125       2.51333333333       20.9563808       +33.1562385       0.0124888998577       5492 
22.1075       -2.59       20.9563808       +33.1562385       0.0124888998577       5498 
22.1233333333       48.3869444444       20.9563808       +33.1562385       0.0124888998577       5502 
22.125       -1.72027777778       20.9563808       +33.1562385       0.0124888998577       5506 
22.1975       16.6880555556       20.9563808       +33.1562385       0.0124888998577       5516 
22.20125       34.3463888889       20.9563808       +33.1562385       0.0124888998577       5518 
22.2145833333       2.44694444444       20.9563808       +33.1562385       0.0124888998577       5524 
22.2216666667       13.7933333333       20.9563808       +33.1562385       0.0124888998577       5527 
22.2454166667       -0.949166666667       20.9563808       +33.1562385       0.0124888998577       5539 
22.2470833333       -0.561666666667       20.9563808       +33.1562385       0.0124888998577       5540 
22.25       -2.41166666667       20.9563808       +33.1562385       0.0124888998577       5543 
22.2808333333       11.1308333333       22.27983       11.13147       0.0124888998577       5555 
22.2625       32.3322222222       20.9563808       +33.1562385       0.0124888998577       5545 
22.3016666667       39.4263888889       20.9563808       +33.1562385       0.0124888998577       5550 
22.3       11.135       22.29616       11.14069       0.0124888998577       5555 
22.3054166667       33.6683333333       20.9563808       +33.1562385       0.0124888998577       5552 
22.3366666667       32.0636111111       20.9563808       +33.1562385       0.0124888998577       5563 
22.375       50.3972222222       20.9563808       +33.1562385       0.0124888998577       5568 
22.4333333333       -1.24111111111       20.9563808       +33.1562385       0.0124888998577       5574 
22.425       -1.97388888889       20.9563808       +33.1562385       0.0124888998577       5577 
22.4445833333       45.5988888889       20.9563808       +33.1562385       0.0124888998577       5579 
22.4479166667       -6.98       20.9563808       +33.1562385       0.0124888998577       5581 
22.45       51.9466666667       20.9563808       +33.1562385       0.0124888998577       5582 
22.445       -2.70388888889       20.9563808       +33.1562385       0.0124888998577       5583 
22.4833333333       32.5013888889       20.9563808       +33.1562385       0.0124888998577       5587 
22.5004166667       40.9738888889       20.9563808       +33.1562385       0.0124888998577       5589 
22.52       33.3094444444       20.9563808       +33.1562385       0.0124888998577       5594 
22.5108333333       2.85222222222       20.9563808       +33.1562385       0.0124888998577       5596 
22.5304166667       25.8622222222       20.9563808       +33.1562385       0.0124888998577       5600 
22.5825       17.0211111111       20.9563808       +33.1562385       0.0124888998577       5611 
22.6475       19.6083333333       20.9563808       +33.1562385       0.0124888998577       5621 
22.6545833333       22.2686111111       20.9563808       +33.1562385       0.0124888998577       5623 
22.67       -1.9925       20.9563808       +33.1562385       0.0124888998577       5628 
22.69375       21.4397222222       20.9563808       +33.1562385       0.0124888998577       5634 
22.7058333333       41.2569444444       20.9563808       +33.1562385       0.0124888998577       5638 
22.7108333333       25.915       20.9563808       +33.1562385       0.0124888998577       5640 
22.73       17.1880555556       20.9563808       +33.1562385       0.0124888998577       5643 
22.7420833333       14.1080555556       20.9563808       +33.1562385       0.0124888998577       5645 
22.8008333333       -1.48833333333       20.9563808       +33.1562385       0.0124888998577       5655 
22.8091666667       9.94055555556       20.9563808       +33.1562385       0.0124888998577       5656 
22.8370833333       -6.86833333333       22.83645       -6.86805       0.0124888998577       5679 
22.825       7.79055555556       20.9563808       +33.1562385       0.0124888998577       5661 
22.825       23.9516666667       20.9563808       +33.1562385       0.0124888998577       5664 
22.8608333333       14.2772222222       20.9563808       +33.1562385       0.0124888998577       5673 
22.8945833333       34.7830555556       20.9563808       +33.1562385       0.0124888998577       5676 
22.90375       -6.89444444444       20.9563808       +33.1562385       0.0124888998577       5679 
22.9       8.44444444444       20.9563808       +33.1562385       0.0124888998577       5680 
22.9270833333       -0.931944444444       20.9563808       +33.1562385       0.0124888998577       5688 
22.9445833333       33.6152777778       20.9563808       +33.1562385       0.0124888998577       5691 
22.96375       17.565       20.9563808       +33.1562385       0.0124888998577       5693 
23.0095833333       33.2086111111       23.00958       33.20737       0.0124888998577       5711 
22.9925       33.4766666667       20.9563808       +33.1562385       0.0124888998577       5702 
23.0183333333       33.1786111111       20.9563808       +33.1562385       0.0124888998577       5711 
23.0358333333       32.1033333333       20.9563808       +33.1562385       0.0124888998577       5715 
23.065       12.4680555556       20.9563808       +33.1562385       0.0124888998577       5716 
23.0858333333       -7.85944444444       23.08537       -7.85955       0.0124888998577       5735 
23.08625       -7.87416666667       23.09295       -7.87319       0.0124888998577       5735 
23.05       21.4       20.9563808       +33.1562385       0.0124888998577       5725 
23.1216666667       4.59583333333       20.9563808       +33.1562385       0.0124888998577       5744 
23.1483333333       41.9866666667       20.9563808       +33.1562385       0.0124888998577       5753 
23.15       11.8366666667       20.9563808       +33.1562385       0.0124888998577       5757 
23.1666666667       4.64333333333       20.9563808       +33.1562385       0.0124888998577       5759 
23.17875       18.3158333333       20.9563808       +33.1562385       0.0124888998577       5761 
23.2170833333       -7.0325       20.9563808       +33.1562385       0.0124888998577       5766 
23.225       -0.686388888889       20.9563808       +33.1562385       0.0124888998577       5771 
23.25       0.186388888889       20.9563808       +33.1562385       0.0124888998577       5776 
23.2729166667       -7.31277777778       20.9563808       +33.1562385       0.0124888998577       5777 
23.3233333333       13.3319444444       20.9563808       +33.1562385       0.0124888998577       5792 
23.3279166667       3.07027777778       20.9563808       +33.1562385       0.0124888998577       5794 
23.3691666667       44.9408333333       20.9563808       +33.1562385       0.0124888998577       5796 
23.3675       17.4072222222       20.9563808       +33.1562385       0.0124888998577       5797 
23.3775       19.0288888889       20.9563808       +33.1562385       0.0124888998577       5799 
23.375       -1.08527777778       20.9563808       +33.1562385       0.0124888998577       5803 
23.4208333333       44.9291666667       23.42       44.92869       0.0124888998577       5808 
23.39375       12.5861111111       20.9563808       +33.1562385       0.0124888998577       5805 
23.4254166667       3.54333333333       20.9563808       +33.1562385       0.0124888998577       5810 
23.5104166667       -1.07722222222       23.5102       -1.0757       0.0124888998577       5830 
23.4595833333       17.2311111111       20.9563808       +33.1562385       0.0124888998577       5822 
23.5329166667       -1.03222222222       20.9563808       +33.1562385       0.0124888998577       5838 
23.5820833333       29.2641666667       20.9563808       +33.1562385       0.0124888998577       5853 
23.675       -6.98444444444       20.9563808       +33.1562385       0.0124888998577       5870 
23.71       21.4166666667       20.9563808       +33.1562385       0.0124888998577       5874 
23.7191666667       12.0772222222       20.9563808       +33.1562385       0.0124888998577       5876 
23.725       55.4211111111       20.9563808       +33.1562385       0.0124888998577       5879 
23.7425       1.33555555556       20.9563808       +33.1562385       0.0124888998577       5884 
23.7616666667       4.38111111111       20.9563808       +33.1562385       0.0124888998577       5892 
23.7741666667       -7.34083333333       20.9563808       +33.1562385       0.0124888998577       5897 
23.8183333333       34.4727777778       20.9563808       +33.1562385       0.0124888998577       5904 
23.8033333333       5.50611111111       20.9563808       +33.1562385       0.0124888998577       5907 
23.8454166667       4.87055555556       20.9563808       +33.1562385       0.0124888998577       5911 
23.8675       33.6566666667       20.9563808       +33.1562385       0.0124888998577       5913 
23.88125       47.5494444444       20.9563808       +33.1562385       0.0124888998577       5916 
23.8804166667       11.9527777778       20.9563808       +33.1562385       0.0124888998577       5922 
23.9629166667       -10.0027777778       20.9563808       +33.1562385       0.0124888998577       5932 
23.9679166667       33.6813888889       20.9563808       +33.1562385       0.0124888998577       5933 
23.9995833333       0.663888888889       20.9563808       +33.1562385       0.0124888998577       5939 
24.0183333333       11.6894444444       20.9563808       +33.1562385       0.0124888998577       5945 
24.1004166667       10.5358333333       20.9563808       +33.1562385       0.0124888998577       5954 
24.15       -1.38111111111       20.9563808       +33.1562385       0.0124888998577       5971 
24.17375       15.7833333333       20.9563808       +33.1562385       0.0124888998577       5974 
24.19625       5.83527777778       20.9563808       +33.1562385       0.0124888998577       5983 
24.2341666667       31.9852777778       20.9563808       +33.1562385       0.0124888998577       5986 
24.28       4.88527777778       20.9563808       +33.1562385       0.0124888998577       5998 
24.3141666667       -9.19777777778       20.9563808       +33.1562385       0.0124888998577       6004 
24.3370833333       14.4627777778       20.9563808       +33.1562385       0.0124888998577       6005 
24.3208333333       28.8902777778       20.9563808       +33.1562385       0.0124888998577       6006 
24.3233333333       5.8775       20.9563808       +33.1562385       0.0124888998577       6007 
24.4245833333       32.6652777778       20.9563808       +33.1562385       0.0124888998577       6032 
24.51375       32.4941666667       20.9563808       +33.1562385       0.0124888998577       6045 
24.58125       7.53361111111       20.9563808       +33.1562385       0.0124888998577       6061 
24.63125       28.7233333333       20.9563808       +33.1562385       0.0124888998577       6074 
24.66625       -17.8330555556       20.9563808       +33.1562385       0.0124888998577       6083 
24.6958333333       1.07194444444       20.9563808       +33.1562385       0.0124888998577       6090 
24.7258333333       -7.76722222222       20.9563808       +33.1562385       0.0124888998577       6101 
24.7775       -7.51305555556       20.9563808       +33.1562385       0.0124888998577       6110 
24.825       48.7641666667       20.9563808       +33.1562385       0.0124888998577       6124 
24.9079166667       7.23777777778       20.9563808       +33.1562385       0.0124888998577       6145 
24.91       5.78333333333       20.9563808       +33.1562385       0.0124888998577       6147 
24.9358333333       15.8997222222       20.9563808       +33.1562385       0.0124888998577       6150 
24.95       -2.03305555556       20.9563808       +33.1562385       0.0124888998577       6153 
24.9841666667       -9.24277777778       20.9563808       +33.1562385       0.0124888998577       6155 
24.9854166667       11.0961111111       20.9563808       +33.1562385       0.0124888998577       6159 
25.025       15.9111111111       25.0412       15.90472       0.0124888998577       6150 
25.0366666667       5.72777777778       20.9563808       +33.1562385       0.0124888998577       6172 
25.1041666667       -7.90333333333       20.9563808       +33.1562385       0.0124888998577       6186 
25.11625       34.6255555556       20.9563808       +33.1562385       0.0124888998577       6189 
25.1170833333       -5.52166666667       20.9563808       +33.1562385       0.0124888998577       6190 
25.125       14.5225       20.9563808       +33.1562385       0.0124888998577       6193 
25.18       7.9825       20.9563808       +33.1562385       0.0124888998577       6208 
25.2316666667       49.2341666667       20.9563808       +33.1562385       0.0124888998577       6220 
25.2791666667       -5.56888888889       20.9563808       +33.1562385       0.0124888998577       6228 
25.3525       8.52555555556       20.9563808       +33.1562385       0.0124888998577       6235 
25.4291666667       27.5019444444       20.9563808       +33.1562385       0.0124888998577       6253 
25.47875       7.12111111111       20.9563808       +33.1562385       0.0124888998577       6263 
25.485       22.6888888889       20.9563808       +33.1562385       0.0124888998577       6265 
25.485       33.2597222222       20.9563808       +33.1562385       0.0124888998577       6266 
25.54125       12.6025       20.9563808       +33.1562385       0.0124888998577       6275 
25.5945833333       6.72305555556       20.9563808       +33.1562385       0.0124888998577       6288 
25.6133333333       13.9766666667       20.9563808       +33.1562385       0.0124888998577       6292 
25.615       26.1433333333       20.9563808       +33.1562385       0.0124888998577       6293 
25.6383333333       18.3055555556       20.9563808       +33.1562385       0.0124888998577       6294 
25.67625       -18.2283333333       20.9563808       +33.1562385       0.0124888998577       6301 
25.6770833333       8.17472222222       20.9563808       +33.1562385       0.0124888998577       6302 
25.7020833333       13.1561111111       20.9563808       +33.1562385       0.0124888998577       6309 
25.7       -6.13944444444       20.9563808       +33.1562385       0.0124888998577       6310 
25.715       31.4783333333       20.9563808       +33.1562385       0.0124888998577       6312 
25.7395833333       4.19972222222       20.9563808       +33.1562385       0.0124888998577       6316 
25.7595833333       13.6444444444       20.9563808       +33.1562385       0.0124888998577       6318 
25.7833333333       27.7508333333       20.9563808       +33.1562385       0.0124888998577       6326 
25.7995833333       4.27805555556       20.9563808       +33.1562385       0.0124888998577       6329 
25.80875       8.88944444444       20.9563808       +33.1562385       0.0124888998577       6332 
25.8254166667       22.4197222222       20.9563808       +33.1562385       0.0124888998577       6335 
25.8166666667       19.9652777778       20.9563808       +33.1562385       0.0124888998577       6337 
25.8829166667       2.07722222222       20.9563808       +33.1562385       0.0124888998577       6348 
25.9283333333       -4.00222222222       20.9563808       +33.1562385       0.0124888998577       6356 
25.9375       12.1633333333       20.9563808       +33.1562385       0.0124888998577       6358 
25.9416666667       4.22138888889       20.9563808       +33.1562385       0.0124888998577       6359 
25.9416666667       29.1658333333       20.9563808       +33.1562385       0.0124888998577       6360 
25.9795833333       13.8061111111       20.9563808       +33.1562385       0.0124888998577       6364 
25.9854166667       17.0638888889       20.9563808       +33.1562385       0.0124888998577       6366 
25.99       2.34916666667       20.9563808       +33.1562385       0.0124888998577       6367 
26.0333333333       34.3869444444       20.9563808       +33.1562385       0.0124888998577       6372 
26.0379166667       31.3205555556       20.9563808       +33.1562385       0.0124888998577       6373 
26.0608333333       28.7055555556       20.9563808       +33.1562385       0.0124888998577       6376 
26.0725       12.2541666667       20.9563808       +33.1562385       0.0124888998577       6377 
26.0866666667       17.4772222222       20.9563808       +33.1562385       0.0124888998577       6380 
26.1283333333       4.66833333333       20.9563808       +33.1562385       0.0124888998577       6388 
26.1283333333       17.1016666667       20.9563808       +33.1562385       0.0124888998577       6390 
26.1475       21.9283333333       20.9563808       +33.1562385       0.0124888998577       6395 
26.1629166667       -7.62027777778       20.9563808       +33.1562385       0.0124888998577       6400 
26.1720833333       4.89055555556       20.9563808       +33.1562385       0.0124888998577       6402 
26.1875       -4.13611111111       20.9563808       +33.1562385       0.0124888998577       6406 
26.1875       17.1077777778       20.9563808       +33.1562385       0.0124888998577       6408 
26.23375       10.4225       26.2337       10.42302       0.0124888998577       6415 
26.2058333333       21.8783333333       20.9563808       +33.1562385       0.0124888998577       6409 
26.225       -0.271388888889       20.9563808       +33.1562385       0.0124888998577       6419 
26.2570833333       10.3658333333       20.9563808       +33.1562385       0.0124888998577       6425 
26.2916666667       32.1230555556       20.9563808       +33.1562385       0.0124888998577       6434 
26.3179166667       10.6488888889       20.9563808       +33.1562385       0.0124888998577       6439 
26.31375       32.0616666667       20.9563808       +33.1562385       0.0124888998577       6440 
26.31375       4.61833333333       20.9563808       +33.1562385       0.0124888998577       6441 
26.3408333333       28.7208333333       20.9563808       +33.1562385       0.0124888998577       6443 
26.3558333333       -3.82722222222       20.9563808       +33.1562385       0.0124888998577       6447 
26.3716666667       10.5525       20.9563808       +33.1562385       0.0124888998577       6448 
26.36875       -10.0938888889       20.9563808       +33.1562385       0.0124888998577       6450 
26.375       25.5272222222       20.9563808       +33.1562385       0.0124888998577       6451 
26.3983333333       3.35694444444       20.9563808       +33.1562385       0.0124888998577       6454 
26.3983333333       23.4425       20.9563808       +33.1562385       0.0124888998577       6455 
26.4229166667       28.8055555556       20.9563808       +33.1562385       0.0124888998577       6459 
26.4791666667       9.8225       20.9563808       +33.1562385       0.0124888998577       6475 
26.5254166667       34.3738888889       20.9563808       +33.1562385       0.0124888998577       6483 
26.5420833333       6.43194444444       20.9563808       +33.1562385       0.0124888998577       6485 
26.58625       4.26444444444       20.9563808       +33.1562385       0.0124888998577       6500 
26.66       -8.68083333333       20.9563808       +33.1562385       0.0124888998577       6504 
26.60375       -8.63694444444       20.9563808       +33.1562385       0.0124888998577       6505 
26.65375       14.6911111111       20.9563808       +33.1562385       0.0124888998577       6516 
26.66375       -3.78027777778       20.9563808       +33.1562385       0.0124888998577       6518 
26.6908333333       18.5738888889       20.9563808       +33.1562385       0.0124888998577       6524 
26.705       24.4661111111       20.9563808       +33.1562385       0.0124888998577       6528 
26.7225       33.3894444444       20.9563808       +33.1562385       0.0124888998577       6534 
26.735       32.1102777778       20.9563808       +33.1562385       0.0124888998577       6540 
26.7416666667       28.7561111111       20.9563808       +33.1562385       0.0124888998577       6544 
26.7525       12.4047222222       20.9563808       +33.1562385       0.0124888998577       6545 
26.7479166667       13.1261111111       20.9563808       +33.1562385       0.0124888998577       6546 
26.85625       16.3463888889       20.9563808       +33.1562385       0.0124888998577       6569 
26.8541666667       27.8855555556       20.9563808       +33.1562385       0.0124888998577       6570 
26.8745833333       12.1033333333       20.9563808       +33.1562385       0.0124888998577       6573 
26.8779166667       27.3308333333       20.9563808       +33.1562385       0.0124888998577       6574 
26.9054166667       11.3436111111       20.9563808       +33.1562385       0.0124888998577       6580 
26.95       25.5747222222       20.9563808       +33.1562385       0.0124888998577       6586 
26.9504166667       -16.7225       20.9563808       +33.1562385       0.0124888998577       6587 
26.9729166667       27.4336111111       20.9563808       +33.1562385       0.0124888998577       6595 
27.095       11.5230555556       20.9563808       +33.1562385       0.0124888998577       6624 
27.1391666667       13.4302777778       20.9563808       +33.1562385       0.0124888998577       6627 
27.1429166667       13.7013888889       20.9563808       +33.1562385       0.0124888998577       6628 
27.13875       12.6125       20.9563808       +33.1562385       0.0124888998577       6633 
27.13875       10.5708333333       20.9563808       +33.1562385       0.0124888998577       6634 
27.1583333333       13.7686111111       20.9563808       +33.1562385       0.0124888998577       6636 
27.2229166667       10.5213888889       27.22263       10.52159       0.0124888998577       6644 
27.1520833333       -10.3275       20.9563808       +33.1562385       0.0124888998577       6637 
27.18375       10.5080555556       20.9563808       +33.1562385       0.0124888998577       6644 
27.1945833333       20.2616666667       20.9563808       +33.1562385       0.0124888998577       6645 
27.2179166667       10.5891666667       20.9563808       +33.1562385       0.0124888998577       6654 
27.2395833333       5.90777777778       20.9563808       +33.1562385       0.0124888998577       6656 
27.25       13.2105555556       20.9563808       +33.1562385       0.0124888998577       6657 
27.285       -3.905       20.9563808       +33.1562385       0.0124888998577       6666 
27.2929166667       -10.0625       20.9563808       +33.1562385       0.0124888998577       6667 
27.2929166667       5.63944444444       20.9563808       +33.1562385       0.0124888998577       6668 
27.2983333333       12.8527777778       20.9563808       +33.1562385       0.0124888998577       6670 
27.2954166667       -10.4277777778       20.9563808       +33.1562385       0.0124888998577       6671 
27.3108333333       13.055       20.9563808       +33.1562385       0.0124888998577       6673 
27.3141666667       -3.68416666667       20.9563808       +33.1562385       0.0124888998577       6674 
27.3145833333       20.7113888889       20.9563808       +33.1562385       0.0124888998577       6675 
27.3379166667       12.7147222222       20.9563808       +33.1562385       0.0124888998577       6678 
27.3529166667       13.3686111111       20.9563808       +33.1562385       0.0124888998577       6687 
27.3554166667       21.9972222222       27.35358       21.9973       0.0124888998577       6690 
27.3754166667       12.5088888889       20.9563808       +33.1562385       0.0124888998577       6694 
27.385       32.5922222222       20.9563808       +33.1562385       0.0124888998577       6699 
27.425       22.3680555556       20.9563808       +33.1562385       0.0124888998577       6716 
27.4445833333       11.7011111111       20.9563808       +33.1562385       0.0124888998577       6718 
27.4475       21.9705555556       20.9563808       +33.1562385       0.0124888998577       6719 
27.46625       3.68194444444       20.9563808       +33.1562385       0.0124888998577       6726 
27.5154166667       16.4383333333       20.9563808       +33.1562385       0.0124888998577       6728 
27.5129166667       11.8119444444       20.9563808       +33.1562385       0.0124888998577       6733 
27.4975       2.09111111111       20.9563808       +33.1562385       0.0124888998577       6734 
27.5       -6.49111111111       20.9563808       +33.1562385       0.0124888998577       6735 
27.5       -0.741111111111       20.9563808       +33.1562385       0.0124888998577       6741 
27.525       23.1411111111       20.9563808       +33.1562385       0.0124888998577       6750 
27.5454166667       2.30805555556       20.9563808       +33.1562385       0.0124888998577       6751 
27.5529166667       27.1969444444       20.9563808       +33.1562385       0.0124888998577       6756 
27.5595833333       27.6477777778       20.9563808       +33.1562385       0.0124888998577       6759 
27.5645833333       33.4955555556       20.9563808       +33.1562385       0.0124888998577       6760 
27.62875       6.14472222222       20.9563808       +33.1562385       0.0124888998577       6778 
27.63875       32.4961111111       20.9563808       +33.1562385       0.0124888998577       6789 
27.67125       33.7405555556       20.9563808       +33.1562385       0.0124888998577       6790 
27.67375       -3.93888888889       20.9563808       +33.1562385       0.0124888998577       6791 
27.67375       21.7597222222       20.9563808       +33.1562385       0.0124888998577       6793 
27.6791666667       33.0822222222       20.9563808       +33.1562385       0.0124888998577       6796 
27.6958333333       32.5469444444       20.9563808       +33.1562385       0.0124888998577       6802 
27.7420833333       21.9972222222       27.7437       21.997       0.0124888998577       6816 
27.7216666667       18.3022222222       20.9563808       +33.1562385       0.0124888998577       6814 
27.7579166667       13.2961111111       20.9563808       +33.1562385       0.0124888998577       6817 
27.7541666667       29.8025       20.9563808       +33.1562385       0.0124888998577       6823 
27.76625       -9.70388888889       20.9563808       +33.1562385       0.0124888998577       6826 
27.7641666667       12.5925       20.9563808       +33.1562385       0.0124888998577       6827 
27.78375       -9.79361111111       20.9563808       +33.1562385       0.0124888998577       6832 
27.7845833333       21.9138888889       20.9563808       +33.1562385       0.0124888998577       6833 
27.775       -1.04722222222       20.9563808       +33.1562385       0.0124888998577       6835 
27.7970833333       -3.49861111111       20.9563808       +33.1562385       0.0124888998577       6837 
27.8079166667       22.5830555556       20.9563808       +33.1562385       0.0124888998577       6844 
27.8220833333       22.3588888889       20.9563808       +33.1562385       0.0124888998577       6848 
27.8304166667       -4.05611111111       20.9563808       +33.1562385       0.0124888998577       6852 
27.8745833333       13.1311111111       20.9563808       +33.1562385       0.0124888998577       6855 
27.84875       33.0311111111       20.9563808       +33.1562385       0.0124888998577       6856 
27.8645833333       -8.50666666667       20.9563808       +33.1562385       0.0124888998577       6861 
27.85       11.8733333333       20.9563808       +33.1562385       0.0124888998577       6863 
27.8695833333       -6.51638888889       20.9563808       +33.1562385       0.0124888998577       6864 
27.905       8.25694444444       27.9042       8.25661       0.0124888998577       6874 
27.9008333333       19.1030555556       20.9563808       +33.1562385       0.0124888998577       6872 
27.9170833333       8.30027777778       20.9563808       +33.1562385       0.0124888998577       6876 
27.9308333333       30.385       20.9563808       +33.1562385       0.0124888998577       6884 
27.9520833333       0.263611111111       20.9563808       +33.1562385       0.0124888998577       6888 
27.94625       18.1872222222       20.9563808       +33.1562385       0.0124888998577       6889 
27.9508333333       30.5433333333       20.9563808       +33.1562385       0.0124888998577       6892 
27.96625       17.0525       20.9563808       +33.1562385       0.0124888998577       6893 
27.9595833333       6.29555555556       20.9563808       +33.1562385       0.0124888998577       6897 
27.96       -5.49694444444       20.9563808       +33.1562385       0.0124888998577       6898 
28.0041666667       17.5347222222       20.9563808       +33.1562385       0.0124888998577       6902 
27.9808333333       8.83138888889       20.9563808       +33.1562385       0.0124888998577       6905 
28.0075       -5.50333333333       20.9563808       +33.1562385       0.0124888998577       6909 
28.11625       17.5130555556       20.9563808       +33.1562385       0.0124888998577       6940 
28.1266666667       31.9858333333       20.9563808       +33.1562385       0.0124888998577       6944 
28.1629166667       -18.7805555556       20.9563808       +33.1562385       0.0124888998577       6956 
28.2041666667       -3.44694444444       20.9563808       +33.1562385       0.0124888998577       6966 
28.2483333333       12.7077777778       20.9563808       +33.1562385       0.0124888998577       6982 
28.25       -1.08916666667       20.9563808       +33.1562385       0.0124888998577       6986 
28.3020833333       4.19666666667       20.9563808       +33.1562385       0.0124888998577       6993 
28.3095833333       22.7236111111       20.9563808       +33.1562385       0.0124888998577       6996 
28.3416666667       19.9533333333       20.9563808       +33.1562385       0.0124888998577       7004 
28.3416666667       28.9952777778       20.9563808       +33.1562385       0.0124888998577       7005 
28.4116666667       19.84       20.9563808       +33.1562385       0.0124888998577       7019 
28.4116666667       31.4736111111       20.9563808       +33.1562385       0.0124888998577       7021 
28.46125       14.7641666667       20.9563808       +33.1562385       0.0124888998577       7022 
28.4266666667       29.9336111111       20.9563808       +33.1562385       0.0124888998577       7023 
28.475       -0.751388888889       20.9563808       +33.1562385       0.0124888998577       7039 
28.5154166667       14.9094444444       20.9563808       +33.1562385       0.0124888998577       7042 
28.51375       -14.2536111111       20.9563808       +33.1562385       0.0124888998577       7045 
28.5       -0.753611111111       20.9563808       +33.1562385       0.0124888998577       7046 
28.5541666667       7.88333333333       20.9563808       +33.1562385       0.0124888998577       7053 
28.55625       18.1011111111       20.9563808       +33.1562385       0.0124888998577       7059 
28.60125       13.5408333333       20.9563808       +33.1562385       0.0124888998577       7063 
28.5754166667       -9.71472222222       20.9563808       +33.1562385       0.0124888998577       7064 
28.5933333333       -0.628055555556       20.9563808       +33.1562385       0.0124888998577       7071 
28.6       5.42166666667       20.9563808       +33.1562385       0.0124888998577       7072 
28.63       17.6738888889       20.9563808       +33.1562385       0.0124888998577       7073 
28.60125       4.80361111111       20.9563808       +33.1562385       0.0124888998577       7076 
28.64375       16.8658333333       20.9563808       +33.1562385       0.0124888998577       7082 
28.6358333333       20.0644444444       20.9563808       +33.1562385       0.0124888998577       7085 
28.6558333333       17.075       20.9563808       +33.1562385       0.0124888998577       7088 
28.65       -0.158333333333       20.9563808       +33.1562385       0.0124888998577       7090 
28.6704166667       6.03444444444       20.9563808       +33.1562385       0.0124888998577       7096 
28.6954166667       20.6980555556       20.9563808       +33.1562385       0.0124888998577       7098 
28.6983333333       18.1419444444       20.9563808       +33.1562385       0.0124888998577       7104 
28.7479166667       13.4825       20.9563808       +33.1562385       0.0124888998577       7114 
28.7258333333       0.811666666667       20.9563808       +33.1562385       0.0124888998577       7116 
28.7341666667       -9.01083333333       20.9563808       +33.1562385       0.0124888998577       7118 
28.82125       10.0113888889       20.9563808       +33.1562385       0.0124888998577       7150 
28.8525       21.2858333333       20.9563808       +33.1562385       0.0124888998577       7163 
28.8425       6.61138888889       20.9563808       +33.1562385       0.0124888998577       7164 
28.8425       24.1444444444       20.9563808       +33.1562385       0.0124888998577       7170 
28.9025       21.3175       20.9563808       +33.1562385       0.0124888998577       7180 
28.9220833333       23.0722222222       20.9563808       +33.1562385       0.0124888998577       7192 
28.9220833333       31.4183333333       20.9563808       +33.1562385       0.0124888998577       7193 
28.9708333333       18.0441666667       20.9563808       +33.1562385       0.0124888998577       7209 
28.9645833333       -9.96694444444       20.9563808       +33.1562385       0.0124888998577       7210 
28.9741666667       32.9902777778       20.9563808       +33.1562385       0.0124888998577       7214 
28.9883333333       1.285       20.9563808       +33.1562385       0.0124888998577       7217 
29.0370833333       17.6408333333       20.9563808       +33.1562385       0.0124888998577       7229 
29.04625       6.745       20.9563808       +33.1562385       0.0124888998577       7235 
29.0504166667       5.58888888889       20.9563808       +33.1562385       0.0124888998577       7237 
29.07       4.64666666667       20.9563808       +33.1562385       0.0124888998577       7243 
29.0633333333       13.1655555556       20.9563808       +33.1562385       0.0124888998577       7246 
29.0870833333       5.62888888889       29.08763       5.62893       0.0124888998577       7264 
29.0666666667       3.76138888889       20.9563808       +33.1562385       0.0124888998577       7249 
29.09125       -4.46777777778       20.9563808       +33.1562385       0.0124888998577       7259 
29.0945833333       -9.06194444444       20.9563808       +33.1562385       0.0124888998577       7262 
29.1004166667       5.62638888889       20.9563808       +33.1562385       0.0124888998577       7264 
29.0770833333       4.07583333333       20.9563808       +33.1562385       0.0124888998577       7266 
29.1779166667       17.7111111111       20.9563808       +33.1562385       0.0124888998577       7281 
29.1604166667       10.3113888889       20.9563808       +33.1562385       0.0124888998577       7285 
29.17125       33.0438888889       20.9563808       +33.1562385       0.0124888998577       7289 
29.18125       15.0147222222       20.9563808       +33.1562385       0.0124888998577       7292 
29.19875       -3.7375       20.9563808       +33.1562385       0.0124888998577       7301 
29.2091666667       31.7038888889       20.9563808       +33.1562385       0.0124888998577       7304 
29.2233333333       -2.01944444444       20.9563808       +33.1562385       0.0124888998577       7306 
29.2283333333       33.2669444444       20.9563808       +33.1562385       0.0124888998577       7312 
29.2291666667       33.015       20.9563808       +33.1562385       0.0124888998577       7316 
29.23875       -0.641666666667       20.9563808       +33.1562385       0.0124888998577       7321 
29.2404166667       -5.40305555556       20.9563808       +33.1562385       0.0124888998577       7322 
29.2445833333       6.03638888889       20.9563808       +33.1562385       0.0124888998577       7325 
29.2445833333       -0.0863888888889       20.9563808       +33.1562385       0.0124888998577       7326 
29.25       -0.469722222222       20.9563808       +33.1562385       0.0124888998577       7328 
29.2783333333       32.7888888889       20.9563808       +33.1562385       0.0124888998577       7333 
29.2908333333       14.5497222222       20.9563808       +33.1562385       0.0124888998577       7341 
29.3308333333       28.59       20.9563808       +33.1562385       0.0124888998577       7353 
29.3408333333       5.61       20.9563808       +33.1562385       0.0124888998577       7355 
29.3575       17.2175       20.9563808       +33.1562385       0.0124888998577       7359 
29.3729166667       19.9188888889       20.9563808       +33.1562385       0.0124888998577       7362 
29.3770833333       -9.4625       20.9563808       +33.1562385       0.0124888998577       7366 
29.3866666667       33.2066666667       29.38637       33.20927       0.0124888998577       7370 
29.3870833333       33.2044444444       29.3874       33.203       0.0124888998577       7370 
29.375       -2.09583333333       20.9563808       +33.1562385       0.0124888998577       7368 
29.39875       19.8763888889       20.9563808       +33.1562385       0.0124888998577       7371 
29.4008333333       16.7711111111       20.9563808       +33.1562385       0.0124888998577       7377 
29.4225       -5.67583333333       20.9563808       +33.1562385       0.0124888998577       7385 
29.4516666667       27.8652777778       20.9563808       +33.1562385       0.0124888998577       7394 
29.4570833333       33.3766666667       20.9563808       +33.1562385       0.0124888998577       7395 
29.4991666667       4.39472222222       20.9563808       +33.1562385       0.0124888998577       7406 
29.5125       3.36944444444       20.9563808       +33.1562385       0.0124888998577       7411 
29.5275       3.08611111111       20.9563808       +33.1562385       0.0124888998577       7417 
29.5358333333       2.06166666667       20.9563808       +33.1562385       0.0124888998577       7420 
29.5583333333       19.0997222222       20.9563808       +33.1562385       0.0124888998577       7421 
29.6       22.1338888889       20.9563808       +33.1562385       0.0124888998577       7441 
29.625       25.3594444444       20.9563808       +33.1562385       0.0124888998577       7445 
29.6454166667       3.25777777778       20.9563808       +33.1562385       0.0124888998577       7458 
29.65       -1.45666666667       20.9563808       +33.1562385       0.0124888998577       7460 
29.66875       0.529444444444       20.9563808       +33.1562385       0.0124888998577       7465 
29.6754166667       8.34833333333       20.9563808       +33.1562385       0.0124888998577       7468 
29.675       24.665       20.9563808       +33.1562385       0.0124888998577       7470 
29.6983333333       24.8913888889       20.9563808       +33.1562385       0.0124888998577       7475 
29.7220833333       5.59361111111       20.9563808       +33.1562385       0.0124888998577       7478 
29.7120833333       -9.58694444444       20.9563808       +33.1562385       0.0124888998577       7483 
29.7       0.553611111111       20.9563808       +33.1562385       0.0124888998577       7484 
29.7175       -8.16611111111       20.9563808       +33.1562385       0.0124888998577       7485 
29.775       25.3863888889       20.9563808       +33.1562385       0.0124888998577       7506 
29.7829166667       1.88777777778       20.9563808       +33.1562385       0.0124888998577       7508 
29.7829166667       0.104444444444       20.9563808       +33.1562385       0.0124888998577       7511 
29.805       18.955       20.9563808       +33.1562385       0.0124888998577       7517 
29.8245833333       18.0094444444       20.9563808       +33.1562385       0.0124888998577       7519 
29.8345833333       19.0061111111       29.83158       19.00752       0.0124888998577       7525 
29.8245833333       24.4208333333       20.9563808       +33.1562385       0.0124888998577       7521 
29.87875       13.9436111111       20.9563808       +33.1562385       0.0124888998577       7533 
29.8958333333       14.0083333333       20.9563808       +33.1562385       0.0124888998577       7536 
29.9008333333       30.9097222222       20.9563808       +33.1562385       0.0124888998577       7537 
29.9       -5.35972222222       20.9563808       +33.1562385       0.0124888998577       7538 
29.9095833333       27.4327777778       20.9563808       +33.1562385       0.0124888998577       7540 
29.9275       -5.96472222222       20.9563808       +33.1562385       0.0124888998577       7544 
29.9579166667       -7.06083333333       29.95779       -7.05927       0.0124888998577       7557 
29.9283333333       32.0844444444       20.9563808       +33.1562385       0.0124888998577       7545 
29.9633333333       -6.84111111111       20.9563808       +33.1562385       0.0124888998577       7554 
29.9658333333       7.41166666667       20.9563808       +33.1562385       0.0124888998577       7556 
29.9675       -7.08833333333       20.9563808       +33.1562385       0.0124888998577       7557 
29.9779166667       23.6436111111       20.9563808       +33.1562385       0.0124888998577       7560 
29.9816666667       24.3113888889       20.9563808       +33.1562385       0.0124888998577       7562 
29.9954166667       6.96555555556       20.9563808       +33.1562385       0.0124888998577       7570 
30.0       -0.282222222222       20.9563808       +33.1562385       0.0124888998577       7574 
30.03875       12.655       20.9563808       +33.1562385       0.0124888998577       7577 
30.0625       31.4294444444       20.9563808       +33.1562385       0.0124888998577       7584 
30.05       24.2627777778       20.9563808       +33.1562385       0.0124888998577       7588 
30.075       22.8961111111       20.9563808       +33.1562385       0.0124888998577       7590 
30.075       24.4666666667       20.9563808       +33.1562385       0.0124888998577       7594 
30.1058333333       15.9630555556       20.9563808       +33.1562385       0.0124888998577       7596 
30.08125       31.3130555556       20.9563808       +33.1562385       0.0124888998577       7597 
30.09875       21.1077777778       20.9563808       +33.1562385       0.0124888998577       7602 
30.0983333333       24.5819444444       20.9563808       +33.1562385       0.0124888998577       7603 
30.11375       25.0833333333       20.9563808       +33.1562385       0.0124888998577       7606 
30.12125       29.8986111111       20.9563808       +33.1562385       0.0124888998577       7611 
30.1345833333       21.2872222222       20.9563808       +33.1562385       0.0124888998577       7613 
30.1370833333       32.4672222222       20.9563808       +33.1562385       0.0124888998577       7614 
30.15       29.7186111111       20.9563808       +33.1562385       0.0124888998577       7620 
30.2029166667       -9.00277777778       20.9563808       +33.1562385       0.0124888998577       7632 
30.19625       17.7133333333       20.9563808       +33.1562385       0.0124888998577       7637 
30.24875       15.1888888889       20.9563808       +33.1562385       0.0124888998577       7644 
30.2445833333       8.31194444444       20.9563808       +33.1562385       0.0124888998577       7649 
30.2445833333       23.4208333333       20.9563808       +33.1562385       0.0124888998577       7653 
30.25       -8.80416666667       20.9563808       +33.1562385       0.0124888998577       7654 
30.2766666667       -6.81694444444       20.9563808       +33.1562385       0.0124888998577       7656 
30.2775       31.8822222222       20.9563808       +33.1562385       0.0124888998577       7657 
30.2733333333       6.52277777778       20.9563808       +33.1562385       0.0124888998577       7658 
30.3004166667       19.6741666667       20.9563808       +33.1562385       0.0124888998577       7663 
30.3       31.9575       20.9563808       +33.1562385       0.0124888998577       7666 
30.3054166667       30.36       20.9563808       +33.1562385       0.0124888998577       7667 
30.3208333333       28.8375       20.9563808       +33.1562385       0.0124888998577       7671 
30.3325       33.3297222222       20.9563808       +33.1562385       0.0124888998577       7674 
30.3325       -1.30305555556       20.9563808       +33.1562385       0.0124888998577       7675 
30.34       -5.37111111111       20.9563808       +33.1562385       0.0124888998577       7677 
30.3529166667       15.6475       20.9563808       +33.1562385       0.0124888998577       7680 
30.3779166667       26.4819444444       20.9563808       +33.1562385       0.0124888998577       7683 
30.4341666667       8.49972222222       30.4342       8.49994       0.0124888998577       7713 
30.4166666667       31.8266666667       20.9563808       +33.1562385       0.0124888998577       7694 
30.4433333333       26.545       20.9563808       +33.1562385       0.0124888998577       7706 
30.4433333333       23.6908333333       20.9563808       +33.1562385       0.0124888998577       7707 
30.4629166667       16.2575       20.9563808       +33.1562385       0.0124888998577       7709 
30.44625       8.47638888889       20.9563808       +33.1562385       0.0124888998577       7713 
30.47       23.5538888889       20.9563808       +33.1562385       0.0124888998577       7716 
30.5004166667       11.7283333333       20.9563808       +33.1562385       0.0124888998577       7725 
30.4975       23.5497222222       30.53034       23.54982       0.0124888998577       7731 
30.4995833333       21.0961111111       20.9563808       +33.1562385       0.0124888998577       7726 
30.525       9.97527777778       20.9563808       +33.1562385       0.0124888998577       7737 
30.55125       -0.100833333333       30.551416       -0.100638       0.0124888998577       7741 
30.5495833333       -0.131388888889       20.9563808       +33.1562385       0.0124888998577       7740 
30.5554166667       -6.08027777778       20.9563808       +33.1562385       0.0124888998577       7743 
30.5633333333       15.7119444444       20.9563808       +33.1562385       0.0124888998577       7744 
30.55       -1.11194444444       20.9563808       +33.1562385       0.0124888998577       7748 
30.56       9.98083333333       30.55995       9.98094       0.0124888998577       7751 
30.5695833333       19.1794444444       20.9563808       +33.1562385       0.0124888998577       7750 
30.5795833333       19.6580555556       20.9563808       +33.1562385       0.0124888998577       7756 
30.60875       32.0722222222       20.9563808       +33.1562385       0.0124888998577       7760 
30.60875       22.3216666667       20.9563808       +33.1562385       0.0124888998577       7762 
30.6229166667       18.3736111111       20.9563808       +33.1562385       0.0124888998577       7763 
30.6275       11.0866666667       20.9563808       +33.1562385       0.0124888998577       7765 
30.6345833333       16.0138888889       20.9563808       +33.1562385       0.0124888998577       7768 
30.6429166667       17.1672222222       20.9563808       +33.1562385       0.0124888998577       7770 
30.63875       22.3791666667       20.9563808       +33.1562385       0.0124888998577       7775 
30.675       26.5816666667       20.9563808       +33.1562385       0.0124888998577       7789 
30.7266666667       -14.6738888889       20.9563808       +33.1562385       0.0124888998577       7798 
30.72875       7.52333333333       20.9563808       +33.1562385       0.0124888998577       7800 
30.7591666667       -9.65694444444       20.9563808       +33.1562385       0.0124888998577       7806 
30.7725       2.61333333333       20.9563808       +33.1562385       0.0124888998577       7812 
30.8       23.7633333333       20.9563808       +33.1562385       0.0124888998577       7819 
30.7933333333       5.65666666667       20.9563808       +33.1562385       0.0124888998577       7820 
30.8116666667       19.7241666667       20.9563808       +33.1562385       0.0124888998577       7821 
30.8316666667       32.0780555556       20.9563808       +33.1562385       0.0124888998577       7823 
30.83375       22.0397222222       20.9563808       +33.1562385       0.0124888998577       7825 
30.83375       18.6291666667       20.9563808       +33.1562385       0.0124888998577       7826 
30.875       2.56611111111       20.9563808       +33.1562385       0.0124888998577       7834 
30.88125       -9.9325       20.9563808       +33.1562385       0.0124888998577       7835 
30.8895833333       26.3027777778       20.9563808       +33.1562385       0.0124888998577       7837 
30.8979166667       4.78555555556       20.9563808       +33.1562385       0.0124888998577       7839 
30.9054166667       24.0738888889       20.9563808       +33.1562385       0.0124888998577       7841 
30.9054166667       15.7488888889       20.9563808       +33.1562385       0.0124888998577       7842 
30.9358333333       14.7086111111       30.93581       14.70929       0.0124888998577       7856 
30.91875       26.2777777778       20.9563808       +33.1562385       0.0124888998577       7843 
30.95875       14.7394444444       30.95744       14.73914       0.0124888998577       7856 
30.9383333333       16.0313888889       20.9563808       +33.1562385       0.0124888998577       7849 
30.9795833333       11.9622222222       20.9563808       +33.1562385       0.0124888998577       7859 
30.9954166667       15.3180555556       20.9563808       +33.1562385       0.0124888998577       7863 
30.98375       19.6680555556       20.9563808       +33.1562385       0.0124888998577       7864 
31.0       24.2138888889       20.9563808       +33.1562385       0.0124888998577       7871 
31.0095833333       30.8327777778       20.9563808       +33.1562385       0.0124888998577       7873 
31.0216666667       2.78666666667       20.9563808       +33.1562385       0.0124888998577       7875 
31.0441666667       28.6577777778       20.9563808       +33.1562385       0.0124888998577       7888 
31.0791666667       -8.73555555556       20.9563808       +33.1562385       0.0124888998577       7889 
31.1233333333       28.8125       20.9563808       +33.1562385       0.0124888998577       7899 
31.13       -6.19944444444       20.9563808       +33.1562385       0.0124888998577       7900 
31.1329166667       27.9258333333       20.9563808       +33.1562385       0.0124888998577       7902 
31.1454166667       -10.1088888889       20.9563808       +33.1562385       0.0124888998577       7905 
31.18375       8.54361111111       20.9563808       +33.1562385       0.0124888998577       7917 
31.175       21.4436111111       20.9563808       +33.1562385       0.0124888998577       7925 
31.2195833333       11.4222222222       20.9563808       +33.1562385       0.0124888998577       7930 
31.2216666667       32.28       20.9563808       +33.1562385       0.0124888998577       7931 
31.2329166667       28.9880555556       20.9563808       +33.1562385       0.0124888998577       7934 
31.2641666667       15.85       20.9563808       +33.1562385       0.0124888998577       7939 
31.2720833333       -6.5075       20.9563808       +33.1562385       0.0124888998577       7942 
31.275       24.6741666667       20.9563808       +33.1562385       0.0124888998577       7944 
31.3079166667       9.925       20.9563808       +33.1562385       0.0124888998577       7951 
31.3133333333       6.10416666667       20.9563808       +33.1562385       0.0124888998577       7952 
31.3316666667       30.0072222222       20.9563808       +33.1562385       0.0124888998577       7960 
31.3329166667       -6.45166666667       20.9563808       +33.1562385       0.0124888998577       7961 
31.3345833333       25.1052777778       20.9563808       +33.1562385       0.0124888998577       7962 
31.35       13.2386111111       20.9563808       +33.1562385       0.0124888998577       7965 
31.35       13.3719444444       20.9563808       +33.1562385       0.0124888998577       7966 
31.3616666667       31.1758333333       20.9563808       +33.1562385       0.0124888998577       7967 
31.4045833333       6.76694444444       20.9563808       +33.1562385       0.0124888998577       7977 
31.4       -0.688611111111       20.9563808       +33.1562385       0.0124888998577       7979 
31.43       24.2327777778       20.9563808       +33.1562385       0.0124888998577       7984 
31.45625       -9.82222222222       20.9563808       +33.1562385       0.0124888998577       7998 
31.4920833333       14.9194444444       20.9563808       +33.1562385       0.0124888998577       8003 
31.5175       29.7933333333       20.9563808       +33.1562385       0.0124888998577       8013 
31.525       13.2766666667       20.9563808       +33.1562385       0.0124888998577       8014 
31.5516666667       29.9666666667       20.9563808       +33.1562385       0.0124888998577       8019 
31.5670833333       -0.291666666667       20.9563808       +33.1562385       0.0124888998577       8029 
31.6141666667       27.0344444444       20.9563808       +33.1562385       0.0124888998577       8035 
31.6141666667       3.70583333333       20.9563808       +33.1562385       0.0124888998577       8039 
31.6270833333       29.9936111111       20.9563808       +33.1562385       0.0124888998577       8040 
31.6679166667       1.50166666667       20.9563808       +33.1562385       0.0124888998577       8056 
31.675       -0.8525       20.9563808       +33.1562385       0.0124888998577       8060 
31.7129166667       -0.507777777778       31.71991       -0.51811       0.0124888998577       8029 
31.7       31.1575       20.9563808       +33.1562385       0.0124888998577       8064 
31.8129166667       32.9533333333       20.9563808       +33.1562385       0.0124888998577       8086 
31.8270833333       30.4241666667       20.9563808       +33.1562385       0.0124888998577       8090 
31.8558333333       2.11611111111       20.9563808       +33.1562385       0.0124888998577       8096 
31.85625       32.9533333333       20.9563808       +33.1562385       0.0124888998577       8097 
31.85       -2.08666666667       20.9563808       +33.1562385       0.0124888998577       8098 
31.89125       17.2013888889       20.9563808       +33.1562385       0.0124888998577       8109 
31.8925       2.11527777778       20.9563808       +33.1562385       0.0124888998577       8110 
31.9291666667       15.3658333333       20.9563808       +33.1562385       0.0124888998577       8112 
31.9066666667       2.18083333333       20.9563808       +33.1562385       0.0124888998577       8114 
31.9158333333       2.14972222222       20.9563808       +33.1562385       0.0124888998577       8117 
31.9279166667       45.6219444444       20.9563808       +33.1562385       0.0124888998577       8120 
31.97125       2.1675       20.9563808       +33.1562385       0.0124888998577       8128 
31.9879166667       16.2194444444       20.9563808       +33.1562385       0.0124888998577       8131 
31.9845833333       19.1705555556       20.9563808       +33.1562385       0.0124888998577       8135 
32.0       28.3372222222       20.9563808       +33.1562385       0.0124888998577       8146 
32.0208333333       1.89416666667       20.9563808       +33.1562385       0.0124888998577       8148 
32.08375       1.18388888889       20.9563808       +33.1562385       0.0124888998577       8157 
32.1029166667       14.9702777778       20.9563808       +33.1562385       0.0124888998577       8163 
32.105       14.3491666667       20.9563808       +33.1562385       0.0124888998577       8165 
32.1154166667       6.39472222222       20.9563808       +33.1562385       0.0124888998577       8167 
32.1275       18.9977777778       20.9563808       +33.1562385       0.0124888998577       8171 
32.135       6.32416666667       20.9563808       +33.1562385       0.0124888998577       8173 
32.14375       29.2341666667       20.9563808       +33.1562385       0.0124888998577       8174 
32.17625       -7.79111111111       20.9563808       +33.1562385       0.0124888998577       8182 
32.2141666667       2.71916666667       20.9563808       +33.1562385       0.0124888998577       8188 
32.235       7.97194444444       20.9563808       +33.1562385       0.0124888998577       8196 
32.2375       26.0327777778       20.9563808       +33.1562385       0.0124888998577       8198 
32.23875       47.2197222222       20.9563808       +33.1562385       0.0124888998577       8199 
32.2445833333       -7.05972222222       20.9563808       +33.1562385       0.0124888998577       8200 
32.245       -7.76805555556       20.9563808       +33.1562385       0.0124888998577       8201 
32.245       27.54       20.9563808       +33.1562385       0.0124888998577       8203 
32.2691666667       5.11333333333       20.9563808       +33.1562385       0.0124888998577       8207 
32.275       30.3466666667       20.9563808       +33.1562385       0.0124888998577       8211 
32.3008333333       6.59972222222       20.9563808       +33.1562385       0.0124888998577       8214 
32.2929166667       31.9947222222       20.9563808       +33.1562385       0.0124888998577       8215 
32.3379166667       -10.1333333333       32.3369       -10.13341       0.0124888998577       8228 
32.35375       -10.1358333333       32.35288       -10.13625       0.0124888998577       8228 
32.3075       25.5711111111       20.9563808       +33.1562385       0.0124888998577       8220 
32.3683333333       -9.68027777778       20.9563808       +33.1562385       0.0124888998577       8232 
32.3695833333       -6.215       20.9563808       +33.1562385       0.0124888998577       8234 
32.375       21.2341666667       20.9563808       +33.1562385       0.0124888998577       8245 
32.4104166667       -10.1463888889       20.9563808       +33.1562385       0.0124888998577       8250 
32.4145833333       -6.92333333333       20.9563808       +33.1562385       0.0124888998577       8251 
32.4291666667       -10.1841666667       20.9563808       +33.1562385       0.0124888998577       8254 
32.4358333333       7.31777777778       20.9563808       +33.1562385       0.0124888998577       8255 
32.4554166667       -7.7825       20.9563808       +33.1562385       0.0124888998577       8258 
32.4866666667       16.0322222222       20.9563808       +33.1562385       0.0124888998577       8266 
32.53625       7.64388888889       20.9563808       +33.1562385       0.0124888998577       8281 
32.525       25.6808333333       20.9563808       +33.1562385       0.0124888998577       8292 
32.5675       7.845       20.9563808       +33.1562385       0.0124888998577       8293 
32.5620833333       -9.71083333333       20.9563808       +33.1562385       0.0124888998577       8295 
32.575       1.21138888889       20.9563808       +33.1562385       0.0124888998577       8302 
32.6575       5.87055555556       20.9563808       +33.1562385       0.0124888998577       8318 
32.6825       6.75805555556       20.9563808       +33.1562385       0.0124888998577       8332 
32.72       -2.80722222222       20.9563808       +33.1562385       0.0124888998577       8339 
32.7420833333       32.6997222222       20.9563808       +33.1562385       0.0124888998577       8346 
32.7483333333       32.7305555556       20.9563808       +33.1562385       0.0124888998577       8350 
32.76625       6.66638888889       20.9563808       +33.1562385       0.0124888998577       8353 
32.75       -0.649722222222       20.9563808       +33.1562385       0.0124888998577       8356 
32.7854166667       3.8525       20.9563808       +33.1562385       0.0124888998577       8360 
32.775       25.8191666667       20.9563808       +33.1562385       0.0124888998577       8362 
32.80125       3.78166666667       20.9563808       +33.1562385       0.0124888998577       8368 
32.8058333333       -1.48611111111       20.9563808       +33.1562385       0.0124888998577       8369 
32.8545833333       15.8991666667       20.9563808       +33.1562385       0.0124888998577       8379 
32.8491666667       15.9547222222       20.9563808       +33.1562385       0.0124888998577       8381 
32.8779166667       13.9163888889       20.9563808       +33.1562385       0.0124888998577       8391 
32.8966666667       31.51       20.9563808       +33.1562385       0.0124888998577       8393 
32.9233333333       -9.30472222222       20.9563808       +33.1562385       0.0124888998577       8397 
32.925       14.3047222222       20.9563808       +33.1562385       0.0124888998577       8399 
32.9333333333       -6.49111111111       20.9563808       +33.1562385       0.0124888998577       8400 
32.945       -18.2672222222       20.9563808       +33.1562385       0.0124888998577       8404 
32.95       14.0005555556       20.9563808       +33.1562385       0.0124888998577       8406 
32.975       14.1005555556       20.9563808       +33.1562385       0.0124888998577       8412 
32.99       29.3141666667       20.9563808       +33.1562385       0.0124888998577       8417 
33.0       46.3691666667       20.9563808       +33.1562385       0.0124888998577       8424 
33.0275       31.5872222222       20.9563808       +33.1562385       0.0124888998577       8426 
33.05       -2.13583333333       20.9563808       +33.1562385       0.0124888998577       8435 
33.0825       -0.8125       20.9563808       +33.1562385       0.0124888998577       8439 
33.1175       29.8577777778       20.9563808       +33.1562385       0.0124888998577       8449 
33.1283333333       16.8555555556       20.9563808       +33.1562385       0.0124888998577       8452 
33.175       13.9794444444       20.9563808       +33.1562385       0.0124888998577       8464 
33.225       32.8563888889       20.9563808       +33.1562385       0.0124888998577       8484 
33.3154166667       -7.66277777778       20.9563808       +33.1562385       0.0124888998577       8502 
33.3670833333       4.74722222222       20.9563808       +33.1562385       0.0124888998577       8512 
33.39       25.8519444444       20.9563808       +33.1562385       0.0124888998577       8520 
33.4       13.7186111111       20.9563808       +33.1562385       0.0124888998577       8522 
33.4       17.0833333333       20.9563808       +33.1562385       0.0124888998577       8525 
33.4066666667       -0.7175       20.9563808       +33.1562385       0.0124888998577       8526 
33.40875       16.5972222222       20.9563808       +33.1562385       0.0124888998577       8527 
33.4183333333       31.1919444444       20.9563808       +33.1562385       0.0124888998577       8531 
33.4358333333       24.8888888889       20.9563808       +33.1562385       0.0124888998577       8535 
33.4358333333       17.0988888889       20.9563808       +33.1562385       0.0124888998577       8536 
33.4375       4.10194444444       20.9563808       +33.1562385       0.0124888998577       8537 
33.4516666667       31.8669444444       20.9563808       +33.1562385       0.0124888998577       8541 
33.4525       16.7969444444       20.9563808       +33.1562385       0.0124888998577       8543 
33.5175       16.4555555556       20.9563808       +33.1562385       0.0124888998577       8556 
33.5154166667       27.8772222222       20.9563808       +33.1562385       0.0124888998577       8557 
33.5241666667       5.17555555556       20.9563808       +33.1562385       0.0124888998577       8562 
33.5520833333       23.6252777778       20.9563808       +33.1562385       0.0124888998577       8569 
33.5716666667       7.58805555556       20.9563808       +33.1562385       0.0124888998577       8571 
33.5983333333       7.86111111111       20.9563808       +33.1562385       0.0124888998577       8575 
33.6116666667       -7.35805555556       20.9563808       +33.1562385       0.0124888998577       8581 
33.61375       1.47527777778       20.9563808       +33.1562385       0.0124888998577       8582 
33.6404166667       -0.766666666667       20.9563808       +33.1562385       0.0124888998577       8586 
33.71125       31.4713888889       20.9563808       +33.1562385       0.0124888998577       8599 
33.7683333333       32.725       20.9563808       +33.1562385       0.0124888998577       8609 
33.82       18.3175       20.9563808       +33.1562385       0.0124888998577       8617 
33.8       18.6675       20.9563808       +33.1562385       0.0124888998577       8618 
33.8354166667       22.0005555556       20.9563808       +33.1562385       0.0124888998577       8624 
33.85       -4.01722222222       20.9563808       +33.1562385       0.0124888998577       8628 
33.8641666667       6.00138888889       20.9563808       +33.1562385       0.0124888998577       8631 
33.9       1.65138888889       20.9563808       +33.1562385       0.0124888998577       8635 
33.925       15.39       20.9563808       +33.1562385       0.0124888998577       8641 
33.925       25.2066666667       20.9563808       +33.1562385       0.0124888998577       8642 
33.975       1.78166666667       20.9563808       +33.1562385       0.0124888998577       8653 
33.9945833333       -0.714722222222       20.9563808       +33.1562385       0.0124888998577       8659 
34.025       18.3122222222       20.9563808       +33.1562385       0.0124888998577       8672 
34.0445833333       -11.9261111111       20.9563808       +33.1562385       0.0124888998577       8673 
34.05375       32.6494444444       20.9563808       +33.1562385       0.0124888998577       8676 
34.0633333333       28.6002777778       20.9563808       +33.1562385       0.0124888998577       8678 
34.0870833333       24.8869444444       20.9563808       +33.1562385       0.0124888998577       8681 
34.0979166667       31.9997222222       20.9563808       +33.1562385       0.0124888998577       8685 
34.1345833333       28.2069444444       20.9563808       +33.1562385       0.0124888998577       8691 
34.135       -11.3491666667       20.9563808       +33.1562385       0.0124888998577       8692 
34.135       26.3472222222       20.9563808       +33.1562385       0.0124888998577       8695 
34.2245833333       2.20305555556       20.9563808       +33.1562385       0.0124888998577       8707 
34.2320833333       30.9338888889       20.9563808       +33.1562385       0.0124888998577       8708 
34.2320833333       5.29222222222       20.9563808       +33.1562385       0.0124888998577       8714 
34.2708333333       1.24416666667       20.9563808       +33.1562385       0.0124888998577       8718 
34.2991666667       1.70583333333       20.9563808       +33.1562385       0.0124888998577       8725 
34.3       -5.43916666667       20.9563808       +33.1562385       0.0124888998577       8726 
34.3058333333       30.5855555556       20.9563808       +33.1562385       0.0124888998577       8729 
34.375       -11.6944444444       20.9563808       +33.1562385       0.0124888998577       8748 
34.3916666667       29.5211111111       20.9563808       +33.1562385       0.0124888998577       8750 
34.4       12.5044444444       20.9563808       +33.1562385       0.0124888998577       8752 
34.46375       32.3963888889       20.9563808       +33.1562385       0.0124888998577       8766 
34.49875       31.8825       20.9563808       +33.1562385       0.0124888998577       8778 
34.6095833333       5.65138888889       20.9563808       +33.1562385       0.0124888998577       8802 
34.6625       -6.90444444444       20.9563808       +33.1562385       0.0124888998577       8813 
34.6833333333       30.5025       20.9563808       +33.1562385       0.0124888998577       8821 
34.6891666667       -6.64       20.9563808       +33.1562385       0.0124888998577       8822 
34.7383333333       4.81472222222       20.9563808       +33.1562385       0.0124888998577       8838 
34.7720833333       -6.79194444444       20.9563808       +33.1562385       0.0124888998577       8841 
34.92125       -0.256388888889       20.9563808       +33.1562385       0.0124888998577       8876 
34.9704166667       29.0363888889       20.9563808       +33.1562385       0.0124888998577       8882 
34.9733333333       28.2472222222       20.9563808       +33.1562385       0.0124888998577       8884 
34.975       1.94722222222       20.9563808       +33.1562385       0.0124888998577       8887 
35.1191666667       31.6836111111       20.9563808       +33.1562385       0.0124888998577       8908 
35.1220833333       6.81083333333       20.9563808       +33.1562385       0.0124888998577       8913 
35.15       48.4441666667       20.9563808       +33.1562385       0.0124888998577       8918 
35.2275       0.556944444444       20.9563808       +33.1562385       0.0124888998577       8929 
35.2775       48.9605555556       20.9563808       +33.1562385       0.0124888998577       8942 
35.3       13.7186111111       20.9563808       +33.1562385       0.0124888998577       8950 
35.325       25.4022222222       20.9563808       +33.1562385       0.0124888998577       8954 
35.3716666667       -4.41194444444       20.9563808       +33.1562385       0.0124888998577       8962 
35.375       14.2111111111       20.9563808       +33.1562385       0.0124888998577       8964 
35.3845833333       31.0433333333       20.9563808       +33.1562385       0.0124888998577       8968 
35.4025       -5.52166666667       20.9563808       +33.1562385       0.0124888998577       8974 
35.41375       6.76027777778       20.9563808       +33.1562385       0.0124888998577       8977 
35.4       0.260277777778       20.9563808       +33.1562385       0.0124888998577       8979 
35.4475       -10.0233333333       20.9563808       +33.1562385       0.0124888998577       8986 
35.5158333333       32.235       20.9563808       +33.1562385       0.0124888998577       9002 
35.5525       28.7341666667       20.9563808       +33.1562385       0.0124888998577       9011 
35.55       -10.0508333333       20.9563808       +33.1562385       0.0124888998577       9013 
35.575       12.0469444444       20.9563808       +33.1562385       0.0124888998577       9016 
35.5975       28.7152777778       20.9563808       +33.1562385       0.0124888998577       9022 
35.6258333333       -0.618611111111       20.9563808       +33.1562385       0.0124888998577       9028 
35.63125       47.85       20.9563808       +33.1562385       0.0124888998577       9030 
35.66875       28.4647222222       20.9563808       +33.1562385       0.0124888998577       9034 
35.67       28.2563888889       20.9563808       +33.1562385       0.0124888998577       9035 
35.7       25.9436111111       20.9563808       +33.1562385       0.0124888998577       9045 
35.7       25.3102777778       20.9563808       +33.1562385       0.0124888998577       9047 
35.8420833333       32.1972222222       35.84162       32.197096       0.0124888998577       9074 
35.8291666667       32.1886111111       20.9563808       +33.1562385       0.0124888998577       9071 
35.8420833333       27.3247222222       20.9563808       +33.1562385       0.0124888998577       9076 
35.875       26.5080555556       20.9563808       +33.1562385       0.0124888998577       9079 
35.9679166667       25.5430555556       20.9563808       +33.1562385       0.0124888998577       9099 
35.975       -6.70972222222       20.9563808       +33.1562385       0.0124888998577       9105 
36.025       27.3430555556       20.9563808       +33.1562385       0.0124888998577       9112 
36.025       27.3430555556       36.0036947       +27.3566561       0.0167524963257       9112 
36.025       27.3430555556       36.0036947       +27.3566561       0.0167524963257       9112 
ra       dec         new_ra      new_dec         radius 
36.025       27.3430555556       36.0036947       +27.3566561       0.0167524963257       9112 
ra       dec         new_ra      new_dec         radius 
36.025       27.3430555556       36.0036947       +27.3566561       0.0167524963257       9112 
ra       dec         new_ra      new_dec         radius 
36.025       27.3430555556       36.0036947       +27.3566561       0.0167524963257       9112 
36.0508333333       5.37138888889       36.0513895       +5.3726218       0.00424615789974       9118 
36.1033333333       -2.16138888889       36.1035230       -2.1624871       0.00830244398745       9126 
36.1179166667       1.83777777778       36.1218481       +1.8411964       0.00380979838949       9128 
36.13125       31.615       36.1311474       +31.6154543       0.00973006314324       9134 
36.025       27.3430555556       36.1311474       +31.6154543       0.00973006314324       9112 
36.0508333333       5.37138888889       36.1311474       +31.6154543       0.00973006314324       9118 
36.1033333333       -2.16138888889       36.1311474       +31.6154543       0.00973006314324       9126 
36.1179166667       1.83777777778       36.1311474       +31.6154543       0.00973006314324       9128 
36.13125       31.615       36.1311474       +31.6154543       0.00973006314324       9134 
36.15       25.5577777778       36.17562       25.56108       0.00973006314324       9147 
36.1433333333       28.6080555556       36.1311474       +31.6154543       0.00973006314324       9139 
36.1779166667       25.5313888889       36.1311474       +31.6154543       0.00973006314324       9147 
36.25       19.6727777778       36.1311474       +31.6154543       0.00973006314324       9169 
36.2516666667       26.0505555556       36.1311474       +31.6154543       0.00973006314324       9170 
36.25       22.2063888889       36.1311474       +31.6154543       0.00973006314324       9173 
36.2920833333       23.8494444444       36.1311474       +31.6154543       0.00973006314324       9182 
36.3029166667       20.9508333333       36.1311474       +31.6154543       0.00973006314324       9183 
36.3154166667       45.4516666667       36.1311474       +31.6154543       0.00973006314324       9186 
36.31625       24.2622222222       36.1311474       +31.6154543       0.00973006314324       9187 
36.3666666667       20.3955555556       36.1311474       +31.6154543       0.00973006314324       9205 
36.025       27.3430555556       36.0036947       +27.3566561       0.0167524963257       9112 
