23.4620833333       30.6602777778        0.617758535655        5818 
49.80875       41.6344444444        0.0186560095254        12378 
75.41       -4.25694444444        0.0126130104288        16574 
170.610416667       24.2988888889        0.00913731831945        34898 
172.140416667       58.5677777778        0.0170144829063        35325 
173.162083333       52.9480555556        0.00935015380455        35620 
175.975       20.0033333333        0.00646872598485        36470 
181.05       1.84833333333        0.00956794686495        38184 
183.450833333       14.8952777778        0.0833333335        39028 
185.477916667       4.47222222222        0.053804519194        40001 
185.73       15.8230555556        0.0632147980455        40153 
186.549166667       12.9469444444        0.0693136477305        40653 
186.939583333       13.01        0.0693136477305        40914 
187.707083333       12.39        0.0661940196925        41361 
188.990833333       27.96        0.0913731831945        42002 
194.83875       27.8986111111        0.0339483565515        44585 
194.8475       27.9702777778        0.0135150841717        44597 
194.864166667       28.0425        0.0417656028858        44602 
194.9       27.9522222222        0.0190905638112        44644 
194.9275       27.9966666667        0.0117711462287        44656 
195.112083333       27.9580555556        0.013829890923        44763 
195.178333333       27.9613888889        0.0245934102714        44809 
210.802083333       54.3486111111        0.240335959075        50063 
237.322083333       21.8186111111        0.0109854728433        56123 
240.525       15.7047222222        0.00275942601787        56773 
241.15       17.7213888889        0.0107354129523        56962 
339.015       33.9761111111        0.0151641738521        69269 
339.271666667       34.4194444444        0.0956794686495        69327
# 
