7.375       -1.09305555556        0.0087260712512        1805 
8.91708333333       -20.1263888889        0.0178163507815        2138 
8.9       8.99305555556        0.0104910451192        2139 
8.95       -25.3730555556        0.0282370130681        2142 
8.98291666667       31.8711111111        0.00956794686495        2147 
8.975       23.9711111111        0.00760009034315        2148 
8.99916666667       -10.1219444444        0.0126130104288        2149 
9.03958333333       12.6416666667        0.0057652581025        2150 
9.00791666667       -9.88833333333        0.0104910451192        2151 
9.01791666667       23.9583333333        0.022951905907        2154 
9.03041666667       -32.6047222222        0.00742709116595        2157 
9.025       21.4713888889        0.0100188703085        2159 
13.3054166667       -13.1647222222        0.0135150841717        3124 
13.7375       -32.0208333333        0.0057652581025        3245 
23.0695833333       -34.7833333333        0.005899548215        5724 
28.01375       35.4141666667        0.0178163507815        6916 
28.4408333333       -23.7577777778        0.0123259032594        7024 
30.8316666667       32.0780555556        0.0085274416194        7823 
34.425       12.4711111111        0.00913731831945        8758 
34.9       15.8030555556        0.0102522397773        8874 
35.8345833333       41.9511111111        0.0174108011253        9073 
36.1808333333       -34.8311111111        0.011503202228        9149 
