20.9170833333       33.2561111111        0.0269661381314        5098 
20.9170833333       33.2561111111        0.0269661381314        5098 
0.03625       -6.37472222222        0.0129068051834        12 
0.03625       -6.37472222222        0.0129068051834        12 
1.525       19.7466666667        0.00777711918885        458 
4.5       18.2908333333        0.0097908129774        1175 
6.975       26.0102777778        0.00935015380455        1717 
7.2       10.1397222222        0.0087260712512        1776 
7.475       3.52611111111        0.00956794686495        1835 
8.125       1.48916666667        0.00956794686495        1973 
9.45       5.14833333333        0.0109854728433        2260 
11.65       8.47583333333        0.0079582715661        2721 
12.925       3.08555555556        0.00814364352425        3031 
14.425       -0.394166666667        0.00331755976125        3451 
15.95       21.8994444444        0.0070928169992        3792 
20.3       -10.6283333333        0.0112413573774        4911 
20.625       -0.598888888889        0.0056340248062        5001 
20.6620833333       23.1691666667        0.011503202228        5010 
21.675       -1.33083333333        0.00468617771929        5379 
29.1004166667       5.62638888889        0.00178163507815        7264 
35.5975       28.7152777778        0.00760009034315        9022 
35.7       25.9436111111        0.0087260712512        9045 
38.5554166667       29.3116666667        0.0295677824953        9788 
