0.08875     -2.61055555556     0.0102522397773     23 
0.159583333333     28.385     0.0097908129774     54 
0.15     33.6016666667     0.0079582715661     55 
0.184583333333     28.4013888889     0.00661940196925     58 
0.195     28.4027777778     0.00833333335     63 
0.262083333333     28.9116666667     0.0132074432969     76 
0.25     6.22833333333     0.0087260712512     81 
0.309583333333     34.6758333333     0.00935015380455     91 
0.3     6.32583333333     0.0089293275615     96 
0.333333333333     34.5258333333     0.0174108011253     102 
0.360833333333     31.4338888889     0.0097908129774     109 
0.375833333333     31.4425     0.00935015380455     112 
0.400416666667     33.5625     0.00363763194261     119 
0.407916666667     23.4847222222     0.0195352401668     120 
0.407916666667     26.9227777778     0.0195352401668     121 
0.427083333333     23.4947222222     0.0132074432969     129 
0.575     27.2052777778     0.0104910451192     165 
0.61125     3.35222222222     0.00347391153587     168 
0.645     -3.71055555556     0.0104910451192     176 
0.668333333333     8.7375     0.0057652581025     179 
0.712916666667     31.4875     0.00693136477305     190 
0.774166666667     -1.91305555556     0.0151641738521     205 
0.774166666667     31.0394444444     0.0151641738521     206 
0.789583333333     25.1783333333     0.00833333335     208 
0.798333333333     15.9655555556     0.0123259032594     212 
0.812916666667     16.1458333333     0.0468617771929     218 
0.8     -10.7625     0.0072580299308     219 
0.834583333333     29.795     0.00693136477305     223 
0.840416666667     22.1027777778     0.0079582715661     227 
0.85     27.3633333333     0.00935015380455     240 
0.884583333333     -10.745     0.0107354129523     243 
0.897083333333     23.2002777778     0.0158788393481     250 
0.925     15.2169444444     0.0209323869711     255 
0.954583333333     7.47916666667     0.0148189951133     263 
1.00416666667     -11.1769444444     0.00182313469027     281 
1.00708333333     -11.1741666667     0.0097908129774     282 
1.05     22.5966666667     0.00814364352425     298 
1.10333333333     31.4736111111     0.0132074432969     303 
1.13666666667     33.5588888889     0.0102522397773     309 
1.125     -7.07555555556     0.0209323869711     312 
1.125     28.3088888889     0.0109854728433     313 
1.17583333333     26.8319444444     0.00935015380455     323 
1.27541666667     22.1902777778     0.013829890923     355 
1.3     6.25333333333     0.0135150841717     365 
1.3     6.77     0.011503202228     366 
1.35     5.22833333333     0.0097908129774     378 
1.425     27.4497222222     0.0097908129774     415 
1.48333333333     22.4911111111     0.0089293275615     431 
1.5     14.4183333333     0.0087260712512     451 
1.58125     20.2025     0.00269661381314     473 
1.61875     -3.71611111111     0.0141520304655     485 
1.65     8.35388888889     0.0102522397773     504 
1.65     26.1538888889     0.0079582715661     507 
1.68666666667     -6.63722222222     0.00603696634605     510 
1.71     19.3211111111     0.00760009034315     517 
1.74666666667     -6.95388888889     0.0102522397773     538 
1.75     14.0680555556     0.0079582715661     548 
1.81666666667     27.7088888889     0.013829890923     564 
1.82     8.30138888889     0.00913731831945     565 
1.82166666667     27.6794444444     0.00913731831945     567 
1.875     25.5886111111     0.0109854728433     590 
1.95375     35.3625     0.00956794686495     595 
1.96166666667     35.9663888889     0.00760009034315     598 
2.00625     33.07     0.0072580299308     608 
2.04208333333     27.0036111111     0.0079582715661     617 
2.025     27.5202777778     0.0102522397773     619 
2.14333333333     -10.9494444444     0.0100188703085     635 
2.14916666667     -5.2175     0.0104910451192     637 
2.15     -0.746388888889     0.00833333335     639 
2.18666666667     24.5427777778     0.00935015380455     644 
2.19333333333     15.815     0.0240335959074     647 
2.22875     23.8180555556     0.0112413573774     652 
2.225     25.6180555556     0.0135150841717     654 
2.26958333333     27.7302777778     0.0144816736019     660 
2.25     21.6302777778     0.0085274416194     661 
2.325     0.605     0.0085274416194     670 
2.38708333333     33.3094444444     0.0135150841717     679 
2.44833333333     27.8297222222     0.0141520304655     690 
2.47333333333     25.9230555556     0.0178163507815     698 
2.475     16.9452777778     0.0085274416194     703 
2.50708333333     28.2094444444     0.0089293275615     707 
2.51375     28.1502777778     0.00935015380455     709 
2.52875     -6.32194444444     0.0126130104288     714 
2.61     25.8325     0.0166271859914     732 
2.625     28.6805555556     0.0085274416194     748 
2.65     13.7186111111     0.0219188999763     757 
2.68125     28.5641666667     0.00468617771929     762 
2.69625     33.3513888889     0.0148189951133     767 
2.7     25.5513888889     0.0104910451192     772 
2.84375     6.38972222222     0.0190905638112     798 
2.95     -1.08694444444     0.00661940196925     825 
3.01833333333     24.9872222222     0.00935015380455     832 
3.03333333333     12.0447222222     0.0102522397773     833 
3.03833333333     27.9111111111     0.00632147980455     835 
3.22875     33.3594444444     0.0126130104288     869 
3.2625     14.4108333333     0.0087260712512     878 
3.3     17.0252777778     0.0190905638112     889 
3.45     26.9677777778     0.012045331447     912 
3.45     35.9844444444     0.0182313469027     913 
3.4825     28.7627777778     0.00693136477305     919 
3.48708333333     30.8827777778     0.00355482933045     921 
3.525     7.41694444444     0.00956794686495     937 
3.62041666667     -0.745277777778     0.0186560095254     963 
3.65     18.5727777778     0.0182313469027     978 
3.68625     -7.34555555556     0.0190905638112     983 
3.675     5.22888888889     0.0100188703085     986 
3.825     -8.17722222222     0.011503202228     1027 
3.87916666667     17.3266666667     0.0186560095254     1037 
3.88     25.1138888889     0.0109854728433     1042 
3.925     27.4472222222     0.00956794686495     1044 
3.96375     16.0902777778     0.0109854728433     1051 
3.96916666667     19.7744444444     0.00417656028858     1052 
3.98583333333     14.0722222222     0.011503202228     1056 
3.99333333333     -0.304166666667     0.0107354129523     1058 
4.175     7.05361111111     0.0126130104288     1106 
4.225     27.8519444444     0.0079582715661     1113 
4.275     23.7519444444     0.0109854728433     1129 
4.275     6.71722222222     0.0085274416194     1131 
4.32083333333     30.2136111111     0.00468617771929     1138 
4.33041666667     6.72333333333     0.00814364352425     1139 
4.35     18.09     0.0126130104288     1144 
4.425     24.6719444444     0.00833333335     1158 
4.49958333333     24.5616666667     0.0072580299308     1170 
4.55     19.3958333333     0.0085274416194     1186 
4.70875     -10.3611111111     0.00956794686495     1221 
4.71208333333     -10.3772222222     0.00935015380455     1224 
4.75     15.7375     0.00935015380455     1237 
4.825     6.43722222222     0.0123259032594     1255 
4.95     23.7725     0.00814364352425     1276 
4.975     9.14083333333     0.0087260712512     1285 
5.0     15.1019444444     0.00935015380455     1293 
5.08458333333     7.70111111111     0.0126130104288     1301 
5.10625     0.826666666667     0.00913731831945     1306 
5.11416666667     0.833055555556     0.0056340248062     1309 
5.25     7.60583333333     0.00935015380455     1346 
5.27791666667     26.5141666667     0.00513829169245     1347 
5.3     30.4747222222     0.0053804519194     1353 
5.32041666667     30.5069444444     0.00760009034315     1359 
5.5     23.7336111111     0.0097908129774     1413 
5.575     6.44388888889     0.0102522397773     1433 
5.63875     28.1213888889     0.00935015380455     1450 
5.69083333333     24.1513888889     0.0057652581025     1462 
5.7     6.96944444444     0.0070928169992     1464 
5.7     25.2130555556     0.0070928169992     1472 
5.7375     16.2527777778     0.00833333335     1478 
5.79666666667     27.4327777778     0.0055057787444     1491 
5.79666666667     24.9547222222     0.0055057787444     1495 
5.825     35.1425     0.00956794686495     1498 
5.95     14.6872222222     0.00935015380455     1511 
5.97416666667     28.3316666667     0.00777711918885     1516 
5.975     24.3030555556     0.0087260712512     1520 
5.99875     15.7694444444     0.0117711462287     1523 
6.00958333333     25.6622222222     0.00457950729131     1524 
6.16166666667     33.2527777778     0.00913731831945     1546 
6.17916666667     14.8222222222     0.00777711918885     1550 
6.225     6.66027777778     0.00833333335     1566 
6.3     6.48694444444     0.0204559076716     1577 
6.375     24.8216666667     0.00833333335     1594 
6.45     5.41333333333     0.011503202228     1611 
6.45     25.7233333333     0.011503202228     1614 
6.49541666667     14.3475     0.0085274416194     1621 
6.5125     25.7188888889     0.0144816736019     1625 
6.53     25.725     0.013829890923     1627 
6.53416666667     25.66     0.00269661381314     1628 
6.5725     -4.4925     0.0117711462287     1634 
6.6     6.2925     0.0104910451192     1638 
6.70375     31.7030555556     0.00935015380455     1654 
6.8     24.1669444444     0.0100188703085     1675 
6.95791666667     -1.2     0.012045331447     1713 
6.99041666667     32.7763888889     0.00956794686495     1721 
6.99375     2.50694444444     0.0151641738521     1723 
7.05     31.1994444444     0.0104910451192     1739 
7.075     27.3888888889     0.0129068051834     1743 
7.075     -0.233055555556     0.0102522397773     1747 
7.0925     2.52638888889     0.00935015380455     1748 
7.12958333333     33.2716666667     0.0117711462287     1754 
7.21     2.83972222222     0.013829890923     1772 
7.28375     15.9002777778     0.0166271859914     1781 
7.28416666667     2.81055555556     0.00646872598485     1784 
7.30083333333     2.8725     0.00646872598485     1787 
7.3125     2.86527777778     0.0209323869711     1791 
7.32666666667     2.86972222222     0.0056340248062     1794 
7.375     -1.09305555556     0.0087260712512     1805 
7.47291666667     31.3927777778     0.0109854728433     1828 
7.525     -11.1094444444     0.0166271859914     1841 
7.575     25.0838888889     0.00777711918885     1848 
7.725     -7.22583333333     0.00935015380455     1886 
7.725     5.17555555556     0.0109854728433     1889 
7.79375     4.50555555556     0.0055057787444     1903 
7.80041666667     -0.406944444444     0.005899548215     1905 
7.82916666667     8.47555555556     0.0056340248062     1914 
7.85     8.46805555556     0.0126130104288     1921 
7.85708333333     6.20722222222     0.0104910451192     1924 
7.86916666667     -19.7641666667     0.0144816736019     1926 
7.8725     8.40055555556     0.00935015380455     1927 
7.89875     14.6116666667     0.0109854728433     1933 
7.91     8.39055555556     0.00777711918885     1934 
7.9     0.927777777778     0.00777711918885     1936 
7.99     -8.34388888889     0.0112413573774     1953 
8.1     2.5725     0.0104910451192     1970 
8.17791666667     26.1183333333     0.0144816736019     1981 
8.265     -8.11444444444     0.0109854728433     1996 
8.275     7.91305555556     0.00935015380455     2003 
8.34166666667     -1.12111111111     0.0104910451192     2016 
8.40041666667     2.68055555556     0.0166271859914     2022 
8.42458333333     39.5447222222     0.0107354129523     2026 
8.425     7.24472222222     0.00760009034315     2027 
8.51166666667     -9.70555555556     0.0316824497567     2035 
8.53166666667     -7.60222222222     0.011503202228     2043 
8.54625     -7.565     0.0155173928366     2045 
8.55     24.6411111111     0.00913731831945     2048 
8.6     -7.59972222222     0.0141520304655     2064 
8.6     3.58305555556     0.0087260712512     2068 
8.66708333333     -10.7669444444     0.0141520304655     2076 
8.69375     -8.39666666667     0.0355482933045     2081 
8.825     2.93138888889     0.0079582715661     2118 
8.89208333333     -2.84888888889     0.0109854728433     2131 
8.90041666667     -4.73333333333     0.00956794686495     2133 
8.9     24.2727777778     0.0107354129523     2136 
8.91708333333     -20.1263888889     0.0178163507815     2138 
9.025     1.70361111111     0.00956794686495     2162 
9.05     25.8088888889     0.0132074432969     2168 
9.21625     23.9844444444     0.00603696634605     2201 
9.25     25.695     0.00646872598485     2210 
9.27791666667     28.8352777778     0.0158788393481     2216 
9.27791666667     25.8397222222     0.0158788393481     2221 
9.30166666667     1.9425     0.0263523138875     2223 
9.34166666667     -19.9366666667     0.0182313469027     2232 
9.39958333333     0.280555555556     0.0055057787444     2243 
9.48458333333     4.91166666667     0.0072580299308     2266 
9.55208333333     2.72888888889     0.0166271859914     2279 
9.5975     29.4727777778     0.00468617771929     2287 
9.62125     29.5116666667     0.0170144829063     2298 
9.63333333333     30.2886111111     0.0102522397773     2302 
9.6475     29.4469444444     0.00632147980455     2309 
9.68083333333     41.9966666667     0.0174108011253     2314 
9.68083333333     25.7141666667     0.0174108011253     2316 
9.7275     7.0575     0.00777711918885     2324 
9.72833333333     7.05611111111     0.00224294567442     2325 
9.725     25.6394444444     0.0112413573774     2327 
9.74875     -9.00277777778     0.0129068051834     2331 
9.75083333333     -9.01444444444     0.0053804519194     2332 
9.80625     0.861944444444     0.0158788393481     2352 
9.82416666667     0.912222222222     0.0104910451192     2357 
9.82666666667     3.03611111111     0.0126130104288     2362 
9.82875     0.891944444444     0.00913731831945     2365 
9.825     4.55222222222     0.0085274416194     2370 
9.84583333333     2.7975     0.0102522397773     2371 
9.825     6.73083333333     0.0129068051834     2372 
9.825     25.2530555556     0.0129068051834     2374 
9.87458333333     25.6441666667     0.00956794686495     2377 
9.8775     29.7625     0.00742709116595     2381 
9.88833333333     3.13861111111     0.00956794686495     2382 
9.89458333333     2.88861111111     0.0155173928366     2387 
9.89583333333     0.859722222222     0.0151641738521     2388 
9.9     8.95972222222     0.0182313469027     2390 
9.91583333333     3.53694444444     0.00632147980455     2394 
9.93458333333     3.29944444444     0.0100188703085     2397 
10.0729166667     2.75611111111     0.00617758535655     2420 
10.09375     41.6863888889     0.155173928366     2429 
10.1     25.0261111111     0.011503202228     2432 
10.125     3.23555555556     0.0104910451192     2435 
10.15     -0.307222222222     0.00956794686495     2440 
10.30125     -21.1325     0.00408149016957     2464 
10.3404166667     -1.71388888889     0.00935015380455     2472 
10.325     3.49722222222     0.00777711918885     2473 
10.3620833333     -21.0458333333     0.0148189951133     2478 
10.3675     25.4997222222     0.0158788393481     2479 
10.39125     29.2025     0.0209323869711     2483 
10.4604166667     -9.30416666667     0.0109854728433     2501 
10.4879166667     25.5683333333     0.0087260712512     2514 
10.5470833333     0.903888888889     0.00437339551083     2522 
10.5666666667     0.844722222222     0.0102522397773     2527 
10.5916666667     29.6413888889     0.013829890923     2536 
10.5941666667     29.6972222222     0.00814364352425     2537 
10.6154166667     33.185     0.0097908129774     2540 
10.6154166667     40.5683333333     0.0097908129774     2544 
10.6520833333     -1.52666666667     0.0132074432969     2547 
10.6675     29.8738888889     0.0102522397773     2553 
10.6745833333     40.8652777778     0.0760009034315     2555 
10.7416666667     27.2505555556     0.005021329894     2575 
10.7795833333     0.00472222222222     0.0117711462287     2591 
10.8675     -0.123611111111     0.0132074432969     2597 
10.8854166667     14.3430555556     0.013829890923     2600 
10.9025     30.5875     0.0144816736019     2604 
10.96625     0.801111111111     0.0112413573774     2615 
10.97625     -4.24527777778     0.0129068051834     2616 
10.98375     1.84805555556     0.0126130104288     2617 
11.0     26.1897222222     0.0126130104288     2621 
11.02     28.8763888889     0.0112413573774     2622 
11.05     26.8430555556     0.0085274416194     2627 
11.1566666667     -3.75972222222     0.0089293275615     2642 
11.2270833333     27.4491666667     0.0117711462287     2650 
11.25     6.14333333333     0.0087260712512     2653 
11.25     25.7816666667     0.0087260712512     2655 
11.4783333333     25.2627777778     0.00693136477305     2680 
11.5233333333     -1.72222222222     0.011503202228     2691 
11.6020833333     29.6230555556     0.00742709116595     2711 
11.6058333333     30.2383333333     0.0117711462287     2712 
11.6058333333     25.62     0.0117711462287     2714 
11.6529166667     29.7227777778     0.0070928169992     2722 
11.68     29.8013888889     0.00833333335     2738 
11.7116666667     26.4744444444     0.0100188703085     2739 
11.7833333333     28.0663888889     0.0102522397773     2752 
11.7945833333     32.6913888889     0.00380906825441     2761 
11.8     7.90805555556     0.00956794686495     2765 
11.8283333333     27.8247222222     0.0135150841717     2766 
11.83125     14.7033333333     0.00777711918885     2768 
11.94375     -9.83555555556     0.0144816736019     2800 
11.9479166667     -9.89944444444     0.0257524619891     2805 
12.0066666667     8.29666666667     0.0162487050305     2818 
12.0075     27.6233333333     0.0126130104288     2819 
12.0216666667     27.9872222222     0.0087260712512     2827 
12.0216666667     26.4669444444     0.0087260712512     2828 
12.075     7.33416666667     0.0097908129774     2833 
12.1454166667     27.6908333333     0.00814364352425     2844 
12.2     11.3722222222     0.0100188703085     2857 
12.2591666667     28.2186111111     0.0144816736019     2865 
12.35875     -1.77055555556     0.011503202228     2883 
12.3929166667     23.5777777778     0.0072580299308     2886 
12.3975     23.5911111111     0.00275942601787     2888 
12.3979166667     1.11611111111     0.0158788393481     2889 
12.4     23.5727777778     0.00182313469027     2892 
12.4508333333     32.2786111111     0.0257524619891     2901 
12.4558333333     25.4063888889     0.0144816736019     2908 
12.525     7.91944444444     0.00956794686495     2922 
12.5425     31.7311111111     0.0144816736019     2928 
12.5508333333     24.495     0.00513829169245     2930 
12.6066666667     24.5205555556     0.00372236327537     2935 
12.6354166667     -8.65222222222     0.0148189951133     2938 
12.7066666667     30.1627777778     0.00833333335     2960 
12.7066666667     28.6997222222     0.00833333335     2964 
12.85     -3.12472222222     0.0104910451192     3012 
12.8958333333     29.7141666667     0.0132074432969     3020 
12.9991666667     -0.486666666667     0.00372236327537     3043 
13.0383333333     -2.21777777778     0.0132074432969     3055 
13.05125     29.6758333333     0.0070928169992     3057 
13.0579166667     44.3313888889     0.00956794686495     3058 
13.1     26.1436111111     0.0085274416194     3075 
13.125     24.3436111111     0.0144816736019     3076 
13.125     6.02611111111     0.00777711918885     3082 
13.35     5.76944444444     0.0085274416194     3139 
13.475     24.7788888889     0.0100188703085     3171 
13.5895833333     -2.19527777778     0.011503202228     3193 
13.59625     31.6633333333     0.0107354129523     3203 
13.6725     24.8716666667     0.0056340248062     3215 
13.6945833333     31.3647222222     0.00956794686495     3222 
13.7829166667     31.5413888889     0.0190905638112     3260 
13.8     -1.0175     0.0107354129523     3266 
13.8266666667     31.7297222222     0.0102522397773     3269 
13.825     31.7463888889     0.00833333335     3271 
13.825     -1.24638888889     0.00833333335     3272 
13.8395833333     31.6772222222     0.00956794686495     3274 
13.975     -0.884444444444     0.0085274416194     3312 
14.0     14.2177777778     0.00913731831945     3314 
14.0270833333     24.1247222222     0.0100188703085     3326 
14.0608333333     -1.09805555556     0.0072580299308     3340 
14.0670833333     -1.25555555556     0.0117711462287     3342 
14.075     13.8994444444     0.00814364352425     3355 
14.1     -1.23888888889     0.00956794686495     3365 
14.1379166667     -1.77111111111     0.012045331447     3367 
14.1779166667     -9.91416666667     0.0263523138875     3377 
14.2591666667     -0.875555555556     0.0072580299308     3405 
14.3325     23.8886111111     0.00777711918885     3420 
14.3866666667     30.2797222222     0.0123259032594     3434 
14.3966666667     -5.0025     0.0085274416194     3435 
14.4     -1.35111111111     0.00742709116595     3444 
14.4241666667     33.3511111111     0.00380906825441     3446 
14.42625     32.5441666667     0.0079582715661     3450 
14.4504166667     -5.1125     0.012045331447     3454 
14.4804166667     -5.13055555556     0.013829890923     3462 
14.50625     -5.07305555556     0.013829890923     3467 
14.6     -1.39472222222     0.00677358764825     3492 
14.6141666667     23.5419444444     0.00661940196925     3493 
14.6291666667     -10.1577777778     0.0109854728433     3496 
14.7033333333     0.588055555556     0.00760009034315     3512 
14.755     23.8522222222     0.00742709116595     3527 
14.76     1.00138888889     0.0186560095254     3530 
14.7779166667     6.92083333333     0.0141520304655     3541 
14.8345833333     23.9841666667     0.00935015380455     3546 
14.925     0.941111111111     0.0079582715661     3566 
14.95     14.7488888889     0.0100188703085     3569 
14.9583333333     31.8266666667     0.0257524619891     3575 
15.0175     -11.0830555556     0.0126130104288     3584 
15.0466666667     18.2827777778     0.0089293275615     3598 
15.1591666667     -7.98111111111     0.0112413573774     3613 
15.15     -1.69777777778     0.00742709116595     3614 
15.1908333333     -9.18555555556     0.0097908129774     3620 
15.3416666667     31.5077777778     0.013829890923     3664 
15.3504166667     31.0411111111     0.00760009034315     3666 
15.35     7.62444444444     0.0144816736019     3667 
15.435     31.2261111111     0.0097908129774     3685 
15.49125     26.4872222222     0.012045331447     3694 
15.5383333333     -4.24583333333     0.0209323869711     3701 
15.5945833333     -4.50777777778     0.0089293275615     3711 
15.5945833333     26.6266666667     0.0089293275615     3713 
15.7795833333     -6.98861111111     0.0132074432969     3754 
15.8579166667     32.235     0.0102522397773     3773 
15.9     -0.468333333333     0.0089293275615     3781 
15.9566666667     31.1994444444     0.0079582715661     3787 
16.0708333333     -0.765     0.0123259032594     3817 
16.075     6.63222222222     0.00777711918885     3819 
16.125     -0.153888888889     0.00760009034315     3830 
16.17     -0.802777777778     0.0117711462287     3833 
16.2     5.61722222222     0.00935015380455     3838 
16.27     -6.21277777778     0.0363763194261     3853 
16.2858333333     -6.28083333333     0.012045331447     3855 
16.525     0.789444444444     0.0089293275615     3904 
16.525     44.9894444444     0.0129068051834     3905 
16.5570833333     25.5505555556     0.00760009034315     3908 
16.575     14.5905555556     0.0085274416194     3914 
16.575     -0.144166666667     0.0085274416194     3922 
16.6283333333     -2.19694444444     0.011503202228     3928 
16.6366666667     24.2172222222     0.00833333335     3936 
16.8     10.8663888889     0.0107354129523     3959 
16.8095833333     13.9538888889     0.0085274416194     3960 
16.8425     16.6844444444     0.0102522397773     3974 
16.8441666667     0.925277777778     0.0072580299308     3976 
16.95     1.07666666667     0.00913731831945     4013 
17.1     6.46638888889     0.0085274416194     4045 
17.1     8.33305555556     0.0085274416194     4046 
17.1     -5.31638888889     0.00956794686495     4048 
17.14375     16.8997222222     0.00760009034315     4058 
17.1541666667     1.64138888889     0.0302565046247     4063 
17.2504166667     -5.51583333333     0.0104910451192     4099 
17.34125     14.3419444444     0.0126130104288     4116 
17.37     14.3630555556     0.00693136477305     4124 
17.3858333333     23.2938888889     0.0102522397773     4138 
17.425     13.2994444444     0.0158788393481     4142 
17.4229166667     -2.26666666667     0.0117711462287     4143 
17.4833333333     20.7713888889     0.0135150841717     4148 
17.49     -1.74916666667     0.013829890923     4151 
17.5929166667     3.51916666667     0.0052579778812     4178 
17.6525     33.1247222222     0.013829890923     4190 
17.65     -0.271388888889     0.0089293275615     4195 
17.6620833333     16.5969444444     0.0057652581025     4196 
17.7     -1.76138888889     0.0109854728433     4214 
17.7     24.4552777778     0.0109854728433     4219 
17.72375     -5.82222222222     0.0199902743651     4222 
17.7433333333     33.1516666667     0.0182313469027     4224 
17.8829166667     23.2188888889     0.00760009034315     4278 
17.9441666667     -0.663333333333     0.00479533282074     4292 
17.95875     -1.65555555556     0.00447526497871     4295 
18.1308333333     -2.79361111111     0.0097908129774     4347 
18.2041666667     -0.291111111111     0.0107354129523     4363 
18.23     0.983055555556     0.0339483565515     4367 
18.2379166667     -0.346666666667     0.00935015380455     4368 
18.2475     -0.252222222222     0.0104910451192     4376 
18.275     2.28527777778     0.00742709116595     4386 
18.3     12.75     0.0085274416194     4389 
18.4     -0.0861111111111     0.0089293275615     4415 
18.4     0.869444444444     0.0100188703085     4416 
18.425     2.37888888889     0.0109854728433     4422 
18.4491666667     7.785     0.0190905638112     4425 
18.525     -1.85555555556     0.00646872598485     4442 
18.525     -1.73888888889     0.0107354129523     4443 
18.55     0.748888888889     0.00457950729131     4454 
18.5604166667     15.8980555556     0.00956794686495     4456 
18.6604166667     -1.02055555556     0.00814364352425     4484 
18.65     1.17055555556     0.00742709116595     4485 
18.65     1.82055555556     0.0087260712512     4486 
18.7079166667     -0.494722222222     0.00363763194261     4490 
18.7191666667     1.91805555556     0.00617758535655     4493 
18.7345833333     31.9483333333     0.0087260712512     4498 
18.725     0.431666666667     0.00742709116595     4500 
18.775     6.84194444444     0.0109854728433     4511 
18.7995833333     30.1952777778     0.0117711462287     4520 
18.81625     -1.625     0.0132074432969     4524 
18.8304166667     28.49     0.00760009034315     4531 
18.85     8.09     0.0132074432969     4535 
18.875     6.89     0.0109854728433     4539 
18.8779166667     -0.860277777778     0.0263523138875     4540 
18.9566666667     31.0805555556     0.0166271859914     4561 
19.025     6.64944444444     0.00777711918885     4585 
19.025     1.58277777778     0.00833333335     4586 
19.0470833333     25.1922222222     0.00603696634605     4593 
19.0629166667     31.0338888889     0.0219188999763     4596 
19.0866666667     33.4475     0.0178163507815     4601 
19.13875     28.9755555556     0.00632147980455     4607 
19.125     1.20888888889     0.00777711918885     4608 
19.1825     16.3983333333     0.00661940196925     4612 
19.375     -9.30666666667     0.0112413573774     4647 
19.4395833333     21.4158333333     0.0087260712512     4655 
19.4641666667     -1.95722222222     0.0195352401668     4659 
19.6675     31.0363888889     0.00913731831945     4698 
19.6691666667     32.2566666667     0.00677358764825     4699 
19.675     -7.4475     0.0112413573774     4701 
19.725     -1.00611111111     0.0109854728433     4717 
19.775     -0.154166666667     0.0117711462287     4734 
19.82125     21.7622222222     0.00956794686495     4738 
19.8745833333     21.1502777778     0.00777711918885     4751 
19.9     8.17444444444     0.0087260712512     4769 
19.9083333333     31.6547222222     0.0087260712512     4770 
19.9     -1.70472222222     0.0102522397773     4771 
19.94     3.41027777778     0.0234865244742     4777 
19.9729166667     32.4669444444     0.00956794686495     4782 
19.99875     14.7841666667     0.00833333335     4793 
20.0283333333     3.41666666667     0.057652581025     4801 
20.02875     33.1852777778     0.0085274416194     4802 
20.025     -0.201944444444     0.0107354129523     4805 
20.05     -0.335277777778     0.00677358764825     4812 
20.1391666667     29.6175     0.00677358764825     4840 
20.1670833333     30.3938888889     0.00603696634605     4850 
20.175     1.29388888889     0.0072580299308     4853 
20.175     1.42722222222     0.0072580299308     4854 
20.2     -3.66055555556     0.0109854728433     4858 
20.225     6.56055555556     0.0104910451192     4862 
20.2441666667     29.2313888889     0.0079582715661     4868 
20.2445833333     25.5488888889     0.012045331447     4877 
20.2625     33.8983333333     0.00935015380455     4879 
20.275     5.41833333333     0.0089293275615     4885 
20.2845833333     1.37277777778     0.0162487050305     4896 
20.2870833333     15.6952777778     0.00661940196925     4897 
20.3025     -9.21166666667     0.0144816736019     4899 
20.31875     -0.545     0.0141520304655     4906 
20.325     0.0877777777778     0.00833333335     4916 
20.3658333333     7.01833333333     0.0148189951133     4921 
20.4929166667     15.7944444444     0.0085274416194     4965 
20.5370833333     0.947222222222     0.0288947375955     4979 
20.5429166667     32.2155555556     0.0072580299308     4981 
20.5729166667     28.7986111111     0.0085274416194     4988 
20.5970833333     -0.874722222222     0.0178163507815     4992 
20.6508333333     1.89027777778     0.005899548215     5006 
20.6620833333     26.8675     0.011503202228     5011 
20.6783333333     26.8666666667     0.00935015380455     5015 
20.6958333333     -1.39277777778     0.0132074432969     5019 
20.7283333333     28.8358333333     0.00603696634605     5032 
20.7333333333     33.4713888889     0.0109854728433     5037 
20.775     -0.635833333333     0.00913731831945     5055 
20.775     -0.385833333333     0.0104910451192     5056 
20.81125     -0.700555555556     0.0102522397773     5067 
20.81125     -0.900555555556     0.0102522397773     5070 
20.8370833333     -1.97666666667     0.00677358764825     5076 
20.8483333333     15.2141666667     0.00814364352425     5078 
20.86875     30.7844444444     0.0151641738521     5085 
20.9075     34.57     0.0085274416194     5088 
20.9075     34.5688888889     0.0085274416194     5089 
20.9     6.95277777778     0.00814364352425     5094 
20.9054166667     -1.83     0.00632147980455     5097 
20.925     6.71444444444     0.0100188703085     5101 
20.9941666667     33.3133333333     0.00372236327537     5129 
21.075     -1.74861111111     0.0056340248062     5164 
21.1125     33.7991666667     0.005899548215     5174 
21.12     -1.64194444444     0.00380906825441     5182 
21.1425     1.73166666667     0.0269661381314     5190 
21.125     2.02305555556     0.00677358764825     5192 
21.15     7.73222222222     0.0109854728433     5198 
21.1608333333     33.4730555556     0.0117711462287     5201 
21.1729166667     -1.58666666667     0.0107354129523     5210 
21.1825     33.4297222222     0.0158788393481     5214 
21.175     1.0275     0.0097908129774     5220 
21.1991666667     9.53916666667     0.0234865244742     5222 
21.21875     -1.61777777778     0.00742709116595     5231 
21.25     0.435     0.00777711918885     5238 
21.305     14.8722222222     0.00935015380455     5250 
21.275     2.28888888889     0.00603696634605     5252 
21.3420833333     14.8383333333     0.0135150841717     5261 
21.3320833333     34.0244444444     0.0214199648993     5268 
21.3533333333     14.8633333333     0.0126130104288     5271 
21.35     7.54666666667     0.011503202228     5273 
21.3591666667     -1.55138888889     0.0087260712512     5275 
21.35     10.8013888889     0.00777711918885     5276 
21.38125     1.75972222222     0.0282370130681     5283 
21.38125     32.1361111111     0.0186560095254     5284 
21.375     0.121111111111     0.00913731831945     5291 
21.4016666667     18.0622222222     0.00777711918885     5294 
21.4179166667     34.7130555556     0.0204559076716     5299 
21.435     -1.37833333333     0.0155173928366     5305 
21.45875     -1.29388888889     0.00468617771929     5311 
21.45     -1.32361111111     0.00372236327537     5314 
21.45     1.48361111111     0.00913731831945     5316 
21.4975     -1.33944444444     0.0195352401668     5323 
21.5033333333     -1.34388888889     0.0117711462287     5324 
21.51125     -1.22666666667     0.00760009034315     5326 
21.5     0.332222222222     0.00833333335     5330 
21.5     33.405     0.00833333335     5333 
21.575     -6.07111111111     0.0257524619891     5341 
21.5916666667     6.27611111111     0.0097908129774     5345 
21.6     -8.07583333333     0.00935015380455     5348 
21.605     -1.63944444444     0.0112413573774     5351 
21.625     0.565555555556     0.00833333335     5366 
21.6570833333     48.3933333333     0.0053804519194     5368 
21.675     -0.9975     0.0028237013068     5380 
21.7891666667     14.7758333333     0.00935015380455     5411 
21.8025     13.6027777778     0.0155173928366     5415 
21.8     -1.25888888889     0.00760009034315     5424 
21.8170833333     -1.97194444444     0.00257524619891     5425 
21.8566666667     14.8186111111     0.013829890923     5433 
21.875     -1.09416666667     0.00913731831945     5436 
21.9     -1.12138888889     0.00742709116595     5449 
21.9795833333     -2.04138888889     0.0104910451192     5465 
22.0033333333     32.0327777778     0.0100188703085     5473 
22.0420833333     -1.30638888889     0.0109854728433     5481 
22.1075     -2.59     0.0123259032594     5498 
22.125     -1.72027777778     0.0107354129523     5506 
22.1975     16.6880555556     0.00742709116595     5516 
22.2216666667     13.7933333333     0.0126130104288     5527 
22.2454166667     -0.949166666667     0.0132074432969     5539 
22.2470833333     -0.561666666667     0.0102522397773     5540 
22.25     -2.41166666667     0.0102522397773     5543 
22.4333333333     -1.24111111111     0.0097908129774     5574 
22.425     -1.97388888889     0.0117711462287     5577 
22.4445833333     45.5988888889     0.0158788393481     5579 
22.4479166667     -6.98     0.0155173928366     5581 
22.4833333333     32.5013888889     0.011503202228     5587 
22.5304166667     25.8622222222     0.0151641738521     5600 
22.67     -1.9925     0.0155173928366     5628 
22.7108333333     25.915     0.00479533282074     5640 
22.7420833333     14.1080555556     0.012045331447     5645 
22.825     7.79055555556     0.0109854728433     5661 
22.8370833333     -6.86833333333     0.0302565046247     5663 
22.825     23.9516666667     0.011503202228     5664 
22.8608333333     14.2772222222     0.0126130104288     5673 
22.90375     -6.89444444444     0.0135150841717     5679 
22.9     8.44444444444     0.00777711918885     5680 
22.9270833333     -0.931944444444     0.0178163507815     5688 
23.2170833333     -7.0325     0.0245934102714     5766 
23.225     -0.686388888889     0.00956794686495     5771 
23.25     0.186388888889     0.00833333335     5776 
23.2729166667     -7.31277777778     0.0282370130681     5777 
23.3233333333     13.3319444444     0.0162487050305     5792 
23.3279166667     3.07027777778     0.0109854728433     5794 
23.3775     19.0288888889     0.0100188703085     5799 
23.375     -1.08527777778     0.00693136477305     5803 
23.4254166667     3.54333333333     0.0182313469027     5810 
23.5104166667     -1.07722222222     0.0158788393481     5830 
23.5329166667     -1.03222222222     0.0107354129523     5838 
23.675     -6.98444444444     0.0135150841717     5870 
23.7425     1.33555555556     0.00777711918885     5884 
23.7741666667     -7.34083333333     0.0302565046247     5897 
23.9629166667     -10.0027777778     0.0126130104288     5932 
23.9995833333     0.663888888889     0.0151641738521     5939 
24.17375     15.7833333333     0.089293275615     5974 
24.19625     5.83527777778     0.0144816736019     5983 
24.3141666667     -9.19777777778     0.0129068051834     6004 
24.3370833333     14.4627777778     0.00913731831945     6005 
24.3233333333     5.8775     0.0129068051834     6007 
24.58125     7.53361111111     0.022951905907     6061 
24.63125     28.7233333333     0.011503202228     6074 
24.6958333333     1.07194444444     0.0102522397773     6090 
24.7258333333     -7.76722222222     0.0135150841717     6101 
24.7775     -7.51305555556     0.022951905907     6110 
24.9079166667     7.23777777778     0.00677358764825     6145 
24.91     5.78333333333     0.00760009034315     6147 
24.95     -2.03305555556     0.00814364352425     6153 
24.9841666667     -9.24277777778     0.0123259032594     6155 
25.0366666667     5.72777777778     0.0224294567442     6172 
25.1041666667     -7.90333333333     0.0112413573774     6186 
25.1170833333     -5.52166666667     0.0151641738521     6190 
25.125     14.5225     0.0085274416194     6193 
25.18     7.9825     0.00833333335     6208 
25.3525     8.52555555556     0.00814364352425     6235 
25.4291666667     27.5019444444     0.0186560095254     6253 
25.47875     7.12111111111     0.00913731831945     6263 
25.485     22.6888888889     0.00913731831945     6265 
25.5945833333     6.72305555556     0.0085274416194     6288 
25.6133333333     13.9766666667     0.0295677824953     6292 
25.67625     -18.2283333333     0.012045331447     6301 
25.6770833333     8.17472222222     0.00814364352425     6302 
25.7020833333     13.1561111111     0.0174108011253     6309 
25.7     -6.13944444444     0.00913731831945     6310 
25.7595833333     13.6444444444     0.070928169992     6318 
25.8254166667     22.4197222222     0.00742709116595     6335 
25.8166666667     19.9652777778     0.0263523138875     6337 
25.9283333333     -4.00222222222     0.0126130104288     6356 
25.9416666667     29.1658333333     0.0129068051834     6360 
25.9795833333     13.8061111111     0.0199902743651     6364 
25.99     2.34916666667     0.011503202228     6367 
26.0608333333     28.7055555556     0.0148189951133     6376 
26.0866666667     17.4772222222     0.0107354129523     6380 
26.1629166667     -7.62027777778     0.0126130104288     6400 
26.1720833333     4.89055555556     0.0079582715661     6402 
26.1875     -4.13611111111     0.0085274416194     6406 
26.225     -0.271388888889     0.00363763194261     6419 
26.3408333333     28.7208333333     0.0132074432969     6443 
26.3716666667     10.5525     0.0132074432969     6448 
26.36875     -10.0938888889     0.0107354129523     6450 
26.3983333333     3.35694444444     0.0079582715661     6454 
26.3983333333     23.4425     0.0079582715661     6455 
26.4229166667     28.8055555556     0.0087260712512     6459 
26.5420833333     6.43194444444     0.0097908129774     6485 
26.66     -8.68083333333     0.0102522397773     6504 
26.60375     -8.63694444444     0.0123259032594     6505 
26.65375     14.6911111111     0.0089293275615     6516 
26.66375     -3.78027777778     0.0117711462287     6518 
26.705     24.4661111111     0.0107354129523     6528 
26.7416666667     28.7561111111     0.00913731831945     6544 
26.7479166667     13.1261111111     0.0132074432969     6546 
26.95     25.5747222222     0.00603696634605     6586 
26.9504166667     -16.7225     0.0100188703085     6587 
27.1391666667     13.4302777778     0.012045331447     6627 
27.1429166667     13.7013888889     0.0109854728433     6628 
27.13875     10.5708333333     0.0089293275615     6634 
27.1583333333     13.7686111111     0.00935015380455     6636 
27.1520833333     -10.3275     0.00814364352425     6637 
27.2229166667     10.5213888889     0.0141520304655     6643 
27.18375     10.5080555556     0.00677358764825     6644 
27.2395833333     5.90777777778     0.0324204288143     6656 
27.285     -3.905     0.011503202228     6666 
27.2929166667     -10.0625     0.0245934102714     6667 
27.2929166667     5.63944444444     0.0245934102714     6668 
27.2983333333     12.8527777778     0.0126130104288     6670 
27.3108333333     13.055     0.0178163507815     6673 
27.3379166667     12.7147222222     0.0085274416194     6678 
27.3529166667     13.3686111111     0.0070928169992     6687 
27.3554166667     21.9972222222     0.0398858411066     6690 
27.425     22.3680555556     0.0097908129774     6716 
27.4975     2.09111111111     0.00833333335     6734 
27.5     -0.741111111111     0.00760009034315     6741 
27.525     23.1411111111     0.0097908129774     6750 
27.5454166667     2.30805555556     0.0087260712512     6751 
27.62875     6.14472222222     0.0178163507815     6778 
27.7579166667     13.2961111111     0.0126130104288     6817 
27.76625     -9.70388888889     0.0209323869711     6826 
27.78375     -9.79361111111     0.0070928169992     6832 
27.775     -1.04722222222     0.00913731831945     6835 
27.7970833333     -3.49861111111     0.0112413573774     6837 
27.8220833333     22.3588888889     0.0398858411066     6848 
27.8304166667     -4.05611111111     0.0129068051834     6852 
27.8645833333     -8.50666666667     0.0102522397773     6861 
27.9520833333     0.263611111111     0.0097908129774     6888 
27.9595833333     6.29555555556     0.0158788393481     6897 
28.2041666667     -3.44694444444     0.0240335959074     6966 
28.2483333333     12.7077777778     0.0158788393481     6982 
28.25     -1.08916666667     0.00742709116595     6986 
28.3095833333     22.7236111111     0.00693136477305     6996 
28.4116666667     31.4736111111     0.012045331447     7021 
28.475     -0.751388888889     0.0085274416194     7039 
28.5154166667     14.9094444444     0.0117711462287     7042 
28.51375     -14.2536111111     0.0102522397773     7045 
28.5     -0.753611111111     0.00833333335     7046 
28.5541666667     7.88333333333     0.012045331447     7053 
28.5754166667     -9.71472222222     0.0166271859914     7064 
28.5933333333     -0.628055555556     0.00363763194261     7071 
28.65     -0.158333333333     0.00913731831945     7090 
28.6704166667     6.03444444444     0.012045331447     7096 
28.7258333333     0.811666666667     0.00363763194261     7116 
28.8425     6.61138888889     0.0107354129523     7164 
28.8425     24.1444444444     0.0107354129523     7170 
28.9220833333     23.0722222222     0.0052579778812     7192 
28.9220833333     31.4183333333     0.0052579778812     7193 
28.9645833333     -9.96694444444     0.0112413573774     7210 
28.9883333333     1.285     0.00742709116595     7217 
29.04625     6.745     0.00742709116595     7235 
29.0633333333     13.1655555556     0.0087260712512     7246 
29.0870833333     5.62888888889     0.0257524619891     7252 
29.0945833333     -9.06194444444     0.0288947375955     7262 
29.1604166667     10.3113888889     0.00956794686495     7285 
29.18125     15.0147222222     0.00777711918885     7292 
29.23875     -0.641666666667     0.0123259032594     7321 
29.2445833333     6.03638888889     0.00814364352425     7325 
29.2445833333     -0.0863888888889     0.00814364352425     7326 
29.25     -0.469722222222     0.0112413573774     7328 
29.2908333333     14.5497222222     0.012045331447     7341 
29.3408333333     5.61     0.0087260712512     7355 
29.3575     17.2175     0.0079582715661     7359 
29.4225     -5.67583333333     0.0135150841717     7385 
29.5125     3.36944444444     0.0112413573774     7411 
29.5275     3.08611111111     0.0102522397773     7417 
29.5358333333     2.06166666667     0.0112413573774     7420 
29.6     22.1338888889     0.011503202228     7441 
29.6454166667     3.25777777778     0.0129068051834     7458 
29.66875     0.529444444444     0.013829890923     7465 
29.675     24.665     0.0141520304655     7470 
29.6983333333     24.8913888889     0.025166264387     7475 
29.7220833333     5.59361111111     0.0097908129774     7478 
29.7120833333     -9.58694444444     0.00956794686495     7483 
29.7     0.553611111111     0.00693136477305     7484 
29.7829166667     0.104444444444     0.0117711462287     7511 
29.8245833333     24.4208333333     0.0079582715661     7521 
29.87875     13.9436111111     0.0132074432969     7533 
29.8958333333     14.0083333333     0.0126130104288     7536 
29.9658333333     7.41166666667     0.00677358764825     7556 
29.9779166667     23.6436111111     0.0155173928366     7560 
29.9816666667     24.3113888889     0.0089293275615     7562 
29.9954166667     6.96555555556     0.00935015380455     7570 
30.0     -0.282222222222     0.00913731831945     7574 
30.03875     12.655     0.0132074432969     7577 
30.05     24.2627777778     0.00814364352425     7588 
30.075     22.8961111111     0.0104910451192     7590 
30.0983333333     24.5819444444     0.0132074432969     7603 
30.11375     25.0833333333     0.0102522397773     7606 
30.2029166667     -9.00277777778     0.0204559076716     7632 
30.25     -8.80416666667     0.013829890923     7654 
30.2733333333     6.52277777778     0.0087260712512     7658 
30.3779166667     26.4819444444     0.0178163507815     7683 
30.47     23.5538888889     0.00693136477305     7716 
30.4995833333     21.0961111111     0.012045331447     7726 
30.4975     23.5497222222     0.0132074432969     7731 
30.5495833333     -0.131388888889     0.0085274416194     7740 
30.55125     -0.100833333333     0.0166271859914     7741 
30.55     -1.11194444444     0.0087260712512     7748 
30.60875     22.3216666667     0.0053804519194     7762 
30.63875     22.3791666667     0.0170144829063     7775 
30.675     26.5816666667     0.00814364352425     7789 
30.7266666667     -14.6738888889     0.0087260712512     7798 
30.72875     7.52333333333     0.0087260712512     7800 
30.7591666667     -9.65694444444     0.0234865244742     7806 
30.7725     2.61333333333     0.012045331447     7812 
30.7933333333     5.65666666667     0.00760009034315     7820 
30.875     2.56611111111     0.013829890923     7834 
30.88125     -9.9325     0.0102522397773     7835 
30.8895833333     26.3027777778     0.00742709116595     7837 
30.9054166667     24.0738888889     0.0245934102714     7841 
30.91875     26.2777777778     0.0053804519194     7843 
30.9358333333     14.7086111111     0.012045331447     7846 
30.95875     14.7394444444     0.0240335959074     7856 
31.0     24.2138888889     0.00935015380455     7871 
31.0441666667     28.6577777778     0.0129068051834     7888 
31.0791666667     -8.73555555556     0.0117711462287     7889 
31.175     21.4436111111     0.0089293275615     7925 
31.2195833333     11.4222222222     0.00742709116595     7930 
31.3133333333     6.10416666667     0.0166271859914     7952 
31.35     13.2386111111     0.0141520304655     7965 
31.35     13.3719444444     0.0132074432969     7966 
31.4045833333     6.76694444444     0.0087260712512     7977 
31.4     -0.688611111111     0.0104910451192     7979 
31.45625     -9.82222222222     0.0135150841717     7998 
31.525     13.2766666667     0.0089293275615     8014 
31.5670833333     -0.291666666667     0.0087260712512     8029 
31.675     -0.8525     0.0102522397773     8060 
31.7129166667     -0.507777777778     0.087260712512     8067 
31.8558333333     2.11611111111     0.00219188999763     8096 
31.85     -2.08666666667     0.00833333335     8098 
31.8925     2.11527777778     0.00661940196925     8110 
31.9291666667     15.3658333333     0.011503202228     8112 
31.9066666667     2.18083333333     0.0072580299308     8114 
31.9158333333     2.14972222222     0.00661940196925     8117 
31.97125     2.1675     0.00833333335     8128 
31.9879166667     16.2194444444     0.00956794686495     8131 
31.9845833333     19.1705555556     0.00814364352425     8135 
32.0     28.3372222222     0.00913731831945     8146 
32.08375     1.18388888889     0.0055057787444     8157 
32.105     14.3491666667     0.0117711462287     8165 
32.1154166667     6.39472222222     0.0155173928366     8167 
32.1275     18.9977777778     0.00814364352425     8171 
32.135     6.32416666667     0.0190905638112     8173 
32.17625     -7.79111111111     0.0097908129774     8182 
32.2141666667     2.71916666667     0.00677358764825     8188 
32.235     7.97194444444     0.0195352401668     8196 
32.2375     26.0327777778     0.0085274416194     8198 
32.245     -7.76805555556     0.0109854728433     8201 
32.3008333333     6.59972222222     0.0100188703085     8214 
32.3075     25.5711111111     0.00693136477305     8220 
32.3683333333     -9.68027777778     0.0195352401668     8232 
32.3695833333     -6.215     0.0107354129523     8234 
32.375     21.2341666667     0.0129068051834     8245 
32.4358333333     7.31777777778     0.00777711918885     8255 
32.4554166667     -7.7825     0.0097908129774     8258 
32.53625     7.64388888889     0.0135150841717     8281 
32.525     25.6808333333     0.011503202228     8292 
32.5675     7.845     0.0155173928366     8293 
32.5620833333     -9.71083333333     0.0204559076716     8295 
32.575     1.21138888889     0.00760009034315     8302 
32.6575     5.87055555556     0.00693136477305     8318 
32.6825     6.75805555556     0.0190905638112     8332 
32.72     -2.80722222222     0.0109854728433     8339 
32.76625     6.66638888889     0.00935015380455     8353 
32.75     -0.649722222222     0.00457950729131     8356 
32.7854166667     3.8525     0.0195352401668     8360 
32.80125     3.78166666667     0.0079582715661     8368 
32.8058333333     -1.48611111111     0.00956794686495     8369 
32.8779166667     13.9163888889     0.0155173928366     8391 
32.8966666667     31.51     0.00956794686495     8393 
32.9233333333     -9.30472222222     0.0129068051834     8397 
32.925     14.3047222222     0.0085274416194     8399 
32.95     14.0005555556     0.0102522397773     8406 
32.975     14.1005555556     0.0135150841717     8412 
33.05     -2.13583333333     0.0102522397773     8435 
33.0825     -0.8125     0.00956794686495     8439 
33.175     13.9794444444     0.0087260712512     8464 
33.3154166667     -7.66277777778     0.0141520304655     8502 
33.39     25.8519444444     0.00913731831945     8520 
33.4     13.7186111111     0.00661940196925     8522 
33.4066666667     -0.7175     0.0107354129523     8526 
33.4358333333     24.8888888889     0.0079582715661     8535 
33.4375     4.10194444444     0.00408149016957     8537 
33.5716666667     7.58805555556     0.0107354129523     8571 
33.5983333333     7.86111111111     0.0097908129774     8575 
33.61375     1.47527777778     0.0089293275615     8582 
33.6404166667     -0.766666666667     0.00913731831945     8586 
33.8354166667     22.0005555556     0.0162487050305     8624 
33.8641666667     6.00138888889     0.0398858411066     8631 
33.9     1.65138888889     0.0072580299308     8635 
33.975     1.78166666667     0.0109854728433     8653 
33.9945833333     -0.714722222222     0.0104910451192     8659 
34.2245833333     2.20305555556     0.00833333335     8707 
34.2320833333     5.29222222222     0.00777711918885     8714 
34.2708333333     1.24416666667     0.0097908129774     8718 
34.2991666667     1.70583333333     0.00269661381314     8725 
34.3     -5.43916666667     0.0109854728433     8726 
34.6095833333     5.65138888889     0.0129068051834     8802 
34.92125     -0.256388888889     0.00956794686495     8876 
35.1191666667     31.6836111111     0.00646872598485     8908 
35.1220833333     6.81083333333     0.0209323869711     8913 
35.2275     0.556944444444     0.00777711918885     8929 
35.4025     -5.52166666667     0.0302565046247     8974 
35.41375     6.76027777778     0.0087260712512     8977 
35.4     0.260277777778     0.0070928169992     8979 
35.5158333333     32.235     0.00760009034315     9002 
35.6258333333     -0.618611111111     0.0174108011253     9028 
35.875     26.5080555556     0.0089293275615     9079 
36.0508333333     5.37138888889     0.00742709116595     9118 
36.1179166667     1.83777777778     0.00693136477305     9128 
36.25     22.2063888889     0.0070928169992     9173 
36.3029166667     20.9508333333     0.00913731831945     9183 
36.4091666667     23.0     0.00693136477305     9214 
36.4091666667     24.9675     0.0112413573774     9219 
36.5295833333     -0.331111111111     0.0155173928366     9256 
36.575     -9.84583333333     0.0245934102714     9272 
36.6183333333     1.16083333333     0.0056340248062     9283 
36.65     22.7530555556     0.011503202228     9293 
36.6941666667     20.4986111111     0.0190905638112     9302 
36.7279166667     25.0336111111     0.00760009034315     9309 
36.7333333333     20.535     0.00742709116595     9313 
36.8854166667     25.6680555556     0.0104910451192     9351 
36.8858333333     -0.245555555556     0.0107354129523     9352 
36.9066666667     -1.15472222222     0.0389779285185     9359 
36.9658333333     0.501111111111     0.012045331447     9376 
36.9775     20.3322222222     0.0170144829063     9379 
37.00375     21.8011111111     0.005899548215     9382 
37.0825     -0.581388888889     0.0100188703085     9406 
37.1154166667     -1.15166666667     0.0224294567442     9414 
37.2     25.3358333333     0.012045331447     9440 
37.225     0.3675     0.0097908129774     9445 
37.3816666667     -3.21166666667     0.0104910451192     9485 
37.45     25.2580555556     0.0209323869711     9510 
37.475     1.17472222222     0.00833333335     9514 
37.5229166667     -8.99805555556     0.0056340248062     9523 
37.55     0.952222222222     0.0102522397773     9530 
37.64     -1.10722222222     0.0234865244742     9549 
37.7975     1.26583333333     0.0129068051834     9588 
37.9079166667     -0.139166666667     0.0052579778812     9613 
37.9     0.308055555556     0.0089293275615     9617 
37.9225     -9.30027777778     0.0097908129774     9621 
37.95     5.63138888889     0.0112413573774     9631 
37.9908333333     1.24583333333     0.0158788393481     9642 
37.975     0.9125     0.0100188703085     9643 
38.1629166667     0.618055555556     0.00468617771929     9680 
38.1666666667     0.26     0.00956794686495     9684 
38.2     5.71388888889     0.00956794686495     9697 
38.22875     25.0938888889     0.00479533282074     9703 
38.2570833333     0.421111111111     0.0085274416194     9711 
38.325     22.3905555556     0.012045331447     9729 
38.35     20.2688888889     0.0104910451192     9736 
38.35625     22.16     0.00646872598485     9741 
38.4     6.47027777778     0.0100188703085     9753 
38.45     0.922777777778     0.00693136477305     9765 
38.475     -6.36166666667     0.0135150841717     9774 
38.6558333333     -8.78555555556     0.00814364352425     9817 
38.70125     -7.68333333333     0.00956794686495     9822 
38.87375     -9.35972222222     0.0389779285185     9843 
38.88625     -7.15555555556     0.0224294567442     9846 
38.9     6.27527777778     0.0100188703085     9854 
38.925     -5.42527777778     0.0107354129523     9856 
39.0045833333     0.419444444444     0.0182313469027     9869 
39.025     -0.691388888889     0.0085274416194     9880 
39.09875     0.707222222222     0.0117711462287     9894 
39.125     7.31388888889     0.0275942601787     9904 
39.225     5.4625     0.0087260712512     9917 
39.2445833333     -5.34944444444     0.0104910451192     9923 
39.3     19.9494444444     0.0104910451192     9931 
39.4808333333     2.07916666667     0.00632147980455     9970 
39.5483333333     -1.31777777778     0.0219188999763     9988 
39.5820833333     2.11805555556     0.0199902743651     9997 
39.6145833333     29.7577777778     0.0087260712512     10007 
39.6345833333     -6.90277777778     0.00956794686495     10009 
39.6366666667     -6.67805555556     0.0199902743651     10010 
39.675     6.91388888889     0.0087260712512     10019 
39.8129166667     30.1530555556     0.0224294567442     10051 
39.83     6.54388888889     0.0174108011253     10055 
39.8483333333     1.09333333333     0.0269661381314     10060 
39.975     43.0916666667     0.013829890923     10091 
40.0670833333     -8.77722222222     0.0109854728433     10108 
40.1     1.22888888889     0.0132074432969     10117 
40.1     -8.43388888889     0.0398858411066     10122 
40.1058333333     -5.44055555556     0.0135150841717     10125 
40.1     -6.13055555556     0.0123259032594     10128 
40.19625     43.8180555556     0.0141520304655     10156 
40.21125     21.6094444444     0.00661940196925     10160 
40.2608333333     -6.93666666667     0.0174108011253     10172 
