0.1       7.84166666667        0.0070928169992        39 
0.158333333333       20.0591666667        0.00677358764825        53 
0.4       3.50611111111        0.0109854728433        124 
0.475       17.5502777778        0.0085274416194        146 
1.2       17.185        0.0097908129774        332 
1.7       8.62055555556        0.0158788393481        515 
2.90791666667       27.9483333333        0.0085274416194        810 
3.15375       5.50388888889        0.0079582715661        859 
3.20041666667       22.0238888889        0.0072580299308        865 
3.25416666667       30.9158333333        0.0141520304655        875 
3.3       17.0252777778        0.0190905638112        889 
3.35       28.3802777778        0.0085274416194        896 
3.45       3.70111111111        0.00777711918885        917 
4.05666666667       10.3325        0.0104910451192        1074 
4.10125       -6.31833333333        0.0087260712512        1083 
4.12666666667       29.9202777778        0.0129068051834        1089 
4.175       2.45361111111        0.00935015380455        1105 
4.2125       -5.26861111111        0.0117711462287        1109 
4.27375       -6.37416666667        0.0102522397773        1126 
4.61875       30.04        0.00956794686495        1204 
4.9075       29.9352777778        0.0087260712512        1267 
5.2       20.0327777778        0.0085274416194        1330 
5.55916666667       10.4938888889        0.0170144829063        1426 
5.625       29.7452777778        0.0129068051834        1442 
5.64166666667       -8.48722222222        0.0109854728433        1451 
5.81791666667       -8.4925        0.0087260712512        1496 
6.125       29.2680555556        0.0141520304655        1544 
6.49583333333       29.2113888889        0.0170144829063        1619 
6.5425       13.6536111111        0.0126130104288        1631 
6.55       21.8033333333        0.0097908129774        1633 
6.74291666667       -1.78583333333        0.00693136477305        1660 
6.96916666667       -1.81027777778        0.0117711462287        1715 
7.11541666667       -7.39166666667        0.00935015380455        1751 
7.14458333333       31.1541666667        0.00777711918885        1758 
7.15875       2.95416666667        0.00742709116595        1760 
7.7775       5.07888888889        0.00693136477305        1900 
7.89875       -10.5061111111        0.012045331447        1932 
8.125       23.4058333333        0.0112413573774        1971 
8.35958333333       7.88027777778        0.00742709116595        2017 
8.45       30.7280555556        0.0097908129774        2028 
8.50583333333       -3.16666666667        0.0087260712512        2034 
8.70208333333       28.4086111111        0.0089293275615        2085 
8.805       29.7994444444        0.00956794686495        2113 
9.21708333333       23.9916666667        0.0224294567442        2202 
9.29416666667       13.0527777778        0.0087260712512        2222 
9.41416666667       10.3544444444        0.0087260712512        2246 
9.785       -8.39722222222        0.0174108011253        2350 
9.785       -8.40027777778        0.0174108011253        2351 
9.80625       -8.39416666667        0.0158788393481        2353 
9.8375       -18.9188888889        0.00956794686495        2369 
10.425       10.8191666667        0.0079582715661        2488 
10.4375       36.3569444444        0.00956794686495        2493 
10.6154166667       40.5683333333        0.0097908129774        2544 
10.6745833333       40.8652777778        0.0760009034315        2555 
10.71875       -23.5411111111        0.0100188703085        2569 
10.72375       33.5241666667        0.0097908129774        2571 
10.7795833333       -9.20472222222        0.0117711462287        2582 
10.86375       2.95694444444        0.00956794686495        2596 
11.325       10.5316666667        0.0079582715661        2659 
11.5033333333       29.9583333333        0.0072580299308        2687 
11.66125       36.3313888889        0.00661940196925        2726 
12.0216666667       -1.56638888889        0.0087260712512        2822 
12.1945833333       31.9555555556        0.00935015380455        2855 
12.6       11.7230555556        0.0087260712512        2934 
12.7020833333       -6.88611111111        0.0158788393481        2959 
12.7683333333       -7.06555555556        0.0135150841717        2984 
12.84       -8.0225        0.0102522397773        2999 
12.8458333333       -8.51888888889        0.012045331447        3004 
13.0720833333       -3.96777777778        0.0129068051834        3062 
13.1458333333       29.2094444444        0.0079582715661        3081 
13.15       6.05027777778        0.0085274416194        3087 
13.2891666667       21.9263888889        0.00935015380455        3120 
13.4254166667       18.0969444444        0.0097908129774        3157 
13.6333333333       -4.6025        0.0129068051834        3207 
13.7       28.7180555556        0.0087260712512        3226 
13.7       44.7513888889        0.0117711462287        3230 
13.7       13.6847222222        0.0085274416194        3232 
13.75       -8.36666666667        0.0102522397773        3251 
14.04       31.075        0.0079582715661        3332 
14.4133333333       43.8011111111        0.0126130104288        3442 
14.6       -8.40777777778        0.0126130104288        3486 
15.49125       -1.93444444444        0.012045331447        3693 
15.6029166667       30.7241666667        0.0112413573774        3715 
15.7945833333       -3.60916666667        0.0112413573774        3757 
15.9       6.41833333333        0.00935015380455        3779 
15.95       2.29944444444        0.0070928169992        3789 
15.9983333333       32.9647222222        0.00956794686495        3798 
16.0770833333       18.6975        0.0085274416194        3821 
16.8158333333       32.5213888889        0.0109854728433        3966 
16.8254166667       32.4838888889        0.012045331447        3969 
16.8783333333       32.3622222222        0.0079582715661        3989 
16.875       32.0991666667        0.0112413573774        3992 
17.5808333333       30.1825        0.012045331447        4176 
17.7020833333       33.5780555556        0.0087260712512        4210 
17.8275       31.8877777778        0.012045331447        4258 
18.3       34.9686111111        0.0087260712512        4387 
18.3083333333       8.86666666667        0.0087260712512        4388 
18.4995833333       2.07055555556        0.00935015380455        4434 
18.7679166667       5.37527777778        0.00742709116595        4509 
18.98875       5.1775        0.0166271859914        4572 
19.03       33.0894444444        0.00661940196925        4587 
19.5425       38.4438888889        0.0100188703085        4674 
19.725       44.2863888889        0.0126130104288        4715 
20.1       5.84805555556        0.0135150841717        4827 
20.2529166667       17.0730555556        0.0097908129774        4872 
20.225       2.97305555556        0.0085274416194        4873 
20.29375       17.8683333333        0.00777711918885        4898 
20.3158333333       3.86194444444        0.0089293275615        4905 
20.3695833333       15.9466666667        0.00693136477305        4922 
20.44875       17.5922222222        0.0158788393481        4948 
20.5625       34.6694444444        0.00447526497871        4985 
20.6783333333       19.0322222222        0.00935015380455        5012 
20.7258333333       13.1269444444        0.00777711918885        5024 
20.725       9.45722222222        0.00742709116595        5036 
20.86875       33.3319444444        0.0151641738521        5086 
21.0166666667       27.0469444444        0.0089293275615        5150 
21.07375       9.33194444444        0.0144816736019        5161 
21.1425       16.5363888889        0.0141520304655        5194 
21.1       3.88333333333        0.0097908129774        5208 
21.1883333333       32.1658333333        0.00617758535655        5217 
21.275       8.69        0.00935015380455        5245 
21.3       -1.50166666667        0.0089293275615        5258 
21.425       -1.445        0.0072580299308        5307 
21.4908333333       -3.98222222222        0.0162487050305        5329 
21.6758333333       2.02166666667        0.0126130104288        5374 
21.7       46.7808333333        0.00935015380455        5386 
21.7266666667       19.2141666667        0.0056340248062        5395 
21.9195833333       37.1830555556        0.0158788393481        5450 
21.9533333333       48.8194444444        0.0129068051834        5457 
22.20125       34.3463888889        0.0117711462287        5518 
22.2625       32.3322222222        0.0112413573774        5545 
22.6475       19.6083333333        0.0087260712512        5621 
22.6545833333       22.2686111111        0.00617758535655        5623 
22.69375       21.4397222222        0.0148189951133        5634 
22.8945833333       34.7830555556        0.0089293275615        5676 
22.9445833333       33.6152777778        0.0097908129774        5691 
23.0358333333       32.1033333333        0.00935015380455        5715 
23.065       12.4680555556        0.0085274416194        5716 
23.1666666667       4.64333333333        0.0070928169992        5759 
23.17875       18.3158333333        0.0087260712512        5761 
23.5820833333       29.2641666667        0.0089293275615        5853 
24.3208333333       28.8902777778        0.0070928169992        6006 
24.66625       -17.8330555556        0.0079582715661        6083 
24.825       48.7641666667        0.0129068051834        6124 
24.9854166667       11.0961111111        0.00956794686495        6159 
25.11625       34.6255555556        0.0158788393481        6189 
25.2316666667       49.2341666667        0.0097908129774        6220 
25.9854166667       17.0638888889        0.00372236327537        6366 
26.0333333333       34.3869444444        0.0117711462287        6372 
26.1283333333       17.1016666667        0.00935015380455        6390 
26.1475       21.9283333333        0.0072580299308        6395 
26.2916666667       32.1230555556        0.0085274416194        6434 
26.5254166667       34.3738888889        0.00632147980455        6483 
26.58625       4.26444444444        0.00956794686495        6500 
26.7225       33.3894444444        0.005021329894        6534 
26.735       32.1102777778        0.00661940196925        6540 
26.8745833333       12.1033333333        0.012045331447        6573 
27.2954166667       -10.4277777778        0.0219188999763        6671 
27.3141666667       -3.68416666667        0.012045331447        6674 
27.385       32.5922222222        0.0389779285185        6699 
27.4445833333       11.7011111111        0.0085274416194        6718 
27.67375       -3.93888888889        0.0079582715661        6791 
27.8745833333       13.1311111111        0.0126130104288        6855 
27.94625       18.1872222222        0.0162487050305        6889 
28.0075       -5.50333333333        0.0117711462287        6909 
28.11625       17.5130555556        0.0126130104288        6940 
28.1629166667       -18.7805555556        0.0089293275615        6956 
28.4116666667       19.84        0.012045331447        7019 
28.55625       18.1011111111        0.0112413573774        7059 
28.6954166667       20.6980555556        0.0144816736019        7098 
28.6983333333       18.1419444444        0.0132074432969        7104 
28.8525       21.2858333333        0.00617758535655        7163 
29.375       -2.09583333333        0.00935015380455        7368 
29.4991666667       4.39472222222        0.0166271859914        7406 
29.625       25.3594444444        0.0112413573774        7445 
29.775       25.3863888889        0.0144816736019        7506 
29.805       18.955        0.00935015380455        7517 
29.9       -5.35972222222        0.00935015380455        7538 
29.9633333333       -6.84111111111        0.0087260712512        7554 
30.15       29.7186111111        0.0079582715661        7620 
30.2445833333       23.4208333333        0.0085274416194        7653 
30.3       31.9575        0.0087260712512        7666 
30.4341666667       8.49972222222        0.0141520304655        7702 
30.56       9.98083333333        0.0097908129774        7751 
30.6345833333       16.0138888889        0.00777711918885        7768 
30.9954166667       15.3180555556        0.0158788393481        7863 
31.0095833333       30.8327777778        0.00956794686495        7873 
31.1329166667       27.9258333333        0.0117711462287        7902 
31.2329166667       28.9880555556        0.0141520304655        7934 
31.2641666667       15.85        0.0085274416194        7939 
31.5516666667       29.9666666667        0.012045331447        8019 
31.6270833333       29.9936111111        0.0097908129774        8040 
31.9279166667       45.6219444444        0.0158788393481        8120 
32.0208333333       1.89416666667        0.0072580299308        8148 
32.1029166667       14.9702777778        0.0085274416194        8163 
32.235       7.97194444444        0.0195352401668        8196 
32.4291666667       -10.1841666667        0.0107354129523        8254 
32.7420833333       32.6997222222        0.0087260712512        8346 
32.7483333333       32.7305555556        0.00814364352425        8350 
32.945       -18.2672222222        0.0132074432969        8404 
32.99       29.3141666667        0.0126130104288        8417 
33.1283333333       16.8555555556        0.0079582715661        8452 
33.225       32.8563888889        0.0148189951133        8484 
33.4516666667       31.8669444444        0.00814364352425        8541 
33.5520833333       23.6252777778        0.012045331447        8569 
33.5983333333       7.86111111111        0.0097908129774        8575 
33.7683333333       32.725        0.0117711462287        8609 
33.82       18.3175        0.00956794686495        8617 
34.05375       32.6494444444        0.0151641738521        8676 
34.0870833333       24.8869444444        0.0135150841717        8681 
34.3058333333       30.5855555556        0.00372236327537        8729 
34.4       12.5044444444        0.00935015380455        8752 
34.9733333333       28.2472222222        0.00814364352425        8884 
35.325       25.4022222222        0.00833333335        8954 
35.5525       28.7341666667        0.0112413573774        9011 
35.67       28.2563888889        0.0144816736019        9035 
36.025       27.3430555556        0.0104910451192        9112 
36.1433333333       28.6080555556        0.0104910451192        9139 
36.3666666667       20.3955555556        0.00617758535655        9205 
36.51125       30.1725        0.0089293275615        9251 
36.5320833333       31.9111111111        0.0144816736019        9258 
36.58625       30.4447222222        0.00693136477305        9270 
36.6245833333       30.5838888889        0.00661940196925        9284 
36.8491666667       -3.95972222222        0.00935015380455        9333 
36.85       24.2597222222        0.0079582715661        9345 
36.9575       31.7258333333        0.0155173928366        9375 
37.0470833333       -5.83861111111        0.0109854728433        9390 
37.0529166667       -1.34638888889        0.0141520304655        9394 
37.05       23.2230555556        0.012045331447        9398 
37.1366666667       29.9847222222        0.0126130104288        9419 
37.13875       20.2833333333        0.0141520304655        9423 
37.36       31.4705555556        0.0107354129523        9476 
37.3645833333       31.64        0.0102522397773        9478 
37.45375       31.4536111111        0.0057652581025        9501 
37.6583333333       27.1566666667        0.00617758535655        9554 
37.825       1.34916666667        0.0129068051834        9598 
38.66125       44.9127777778        0.00956794686495        9818 
39.4204166667       -15.7886111111        0.0109854728433        9960 
39.4758333333       2.32722222222        0.00935015380455        9969 
39.5433333333       -9.54527777778        0.00833333335        9986 
39.54875       30.8475        0.0129068051834        9989 
39.6145833333       1.90694444444        0.0085274416194        10006 
