27.1945833333     20.2616666667     0.0104910451192     6645 
27.25     13.2105555556     0.0135150841717     6657 
27.2954166667     -10.4277777778     0.0219188999763     6671 
27.3141666667     -3.68416666667     0.012045331447     6674 
27.3754166667     12.5088888889     0.0107354129523     6694 
27.4445833333     11.7011111111     0.0085274416194     6718 
27.46625     3.68194444444     0.00814364352425     6726 
27.5129166667     11.8119444444     0.00677358764825     6733 
27.67125     33.7405555556     0.00363763194261     6790 
27.67375     -3.93888888889     0.0079582715661     6791 
27.8079166667     22.5830555556     0.0070928169992     6844 
27.8745833333     13.1311111111     0.0126130104288     6855 
27.85     11.8733333333     0.0123259032594     6863 
27.9008333333     19.1030555556     0.011503202228     6872 
27.9308333333     30.385     0.00468617771929     6884 
27.94625     18.1872222222     0.0162487050305     6889 
27.96     -5.49694444444     0.0132074432969     6898 
28.0041666667     17.5347222222     0.0085274416194     6902 
27.9808333333     8.83138888889     0.0089293275615     6905 
28.0075     -5.50333333333     0.0117711462287     6909 
28.11625     17.5130555556     0.0126130104288     6940 
28.1266666667     31.9858333333     0.0104910451192     6944 
28.1629166667     -18.7805555556     0.0089293275615     6956 
