27.2229166667     10.5213888889     0.0141520304655     6643 
27.18375     10.5080555556     0.00677358764825     6644 
27.2395833333     5.90777777778     0.0324204288143     6656 
27.285     -3.905     0.011503202228     6666 
27.2929166667     -10.0625     0.0245934102714     6667 
27.2929166667     5.63944444444     0.0245934102714     6668 
27.2983333333     12.8527777778     0.0126130104288     6670 
27.3108333333     13.055     0.0178163507815     6673 
27.3379166667     12.7147222222     0.0085274416194     6678 
27.3529166667     13.3686111111     0.0070928169992     6687 
27.3554166667     21.9972222222     0.0398858411066     6690 
27.425     22.3680555556     0.0097908129774     6716 
27.4975     2.09111111111     0.00833333335     6734 
27.5     -0.741111111111     0.00760009034315     6741 
27.525     23.1411111111     0.0097908129774     6750 
27.5454166667     2.30805555556     0.0087260712512     6751 
27.62875     6.14472222222     0.0178163507815     6778 
27.7579166667     13.2961111111     0.0126130104288     6817 
27.76625     -9.70388888889     0.0209323869711     6826 
27.78375     -9.79361111111     0.0070928169992     6832 
27.775     -1.04722222222     0.00913731831945     6835 
27.7970833333     -3.49861111111     0.0112413573774     6837 
27.8220833333     22.3588888889     0.0398858411066     6848 
27.8304166667     -4.05611111111     0.0129068051834     6852 
27.8645833333     -8.50666666667     0.0102522397773     6861 
27.9520833333     0.263611111111     0.0097908129774     6888 
27.9595833333     6.29555555556     0.0158788393481     6897 
