ra       dec         new_ra      new_dec         radius 
ra       dec         new_ra      new_dec         radius 
ra       dec         new_ra      new_dec         radius 
ra       dec         new_ra      new_dec         radius 
0.158333333333       20.0591666667      0.1592579      +20.0592349      0.000868766314938 
0.159583333333       28.385      0.1581354      +28.3844687      0.000896585309708 
0.15       33.6016666667      0.1557459      +33.6017242      0.000900653700248 
0.184583333333       28.4013888889      0.1914276      +28.4015731      0.00067535282956 
0.195       28.4027777778      0.1867717      +28.4015153      0.000614876753972 
0.158333333333       20.0591666667       0.1592950       +20.0592764       0.00612434021478       53 
0.158333333333       20.0591666667       0.1592950       +20.0592764       0.00612434021478       53 
0.158333333333       20.0591666667       0.1592950       +20.0592764       0.00612434021478       53 
0.158333333333       20.0591666667       0.1592950       +20.0592764       0.00612434021478       53 
0.158333333333       20.0591666667       0.1592950       +20.0592764       0.00612434021478       53 
0.158333333333       20.0591666667       0.1592950       +20.0592764       0.00612434021478       53 
0.158333333333       20.0591666667       0.1592950       +20.0592764       0.00612434021478       53 
