10.685       41.2688888889        1.70144829063        2557 
21.175       1.0275        0.0097908129774        5220 
36.65       22.7530555556        0.011503202228        9293 
42.2       -0.517777777778        0.00166271859913        10649 
47.8       1.32194444444        0.00380906825441        11890 
1.525       19.7466666667        0.00777711918885        458 
4.5       18.2908333333        0.0097908129774        1175 
6.975       26.0102777778        0.00935015380455        1717 
7.2       10.1397222222        0.0087260712512        1776 
7.475       3.52611111111        0.00956794686495        1835 
8.125       1.48916666667        0.00956794686495        1973 
9.45       5.14833333333        0.0109854728433        2260 
11.65       8.47583333333        0.0079582715661        2721 
12.925       3.08555555556        0.00814364352425        3031 
14.425       -0.394166666667        0.00331755976125        3451 
15.95       21.8994444444        0.0070928169992        3792 
20.3       -10.6283333333        0.0112413573774        4911 
20.625       -0.598888888889        0.0056340248062        5001 
20.6620833333       23.1691666667        0.011503202228        5010 
21.675       -1.33083333333        0.00468617771929        5379 
29.1004166667       5.62638888889        0.00178163507815        7264 
35.7       25.9436111111        0.0087260712512        9045 
38.5554166667       29.3116666667        0.0295677824953        9788 
42.2       -0.517777777778        0.00166271859913        10649 
44.4       27.5833333333        0.00693136477305        11190 
45.75       -1.96583333333        0.00913731831945        11492 
50.4808333333       -13.6508333333        0.00935015380455        12611 
10.685       41.2688888889        1.70144829063        2557 
66.16125       -0.759444444444        0.00112413573774        15051 
74.075       0.715277777778        0.00490703047111        16368 
75.4       -0.506944444444        0.00479533282074        16575 
83.5841666667       6.78916666667        0.0117711462287        17462 
124.140833333       24.7763888889        0.0057652581025        23206 
124.8       19.3091666667        0.00331755976125        23334 
125.525       21.3244444444        0.00468617771929        23470 
128.75       29.6966666667        0.00742709116595        24098 
130.470416667       30.8188888889        0.00956794686495        24440 
133.722916667       26.6938888889        0.0079582715661        25028 
135.604166667       31.2705555556        0.00632147980455        25398 
135.85       3.38055555556        0.00742709116595        25436 
137.85       28.8002777778        0.0055057787444        25908 
140.1       7.07166666667        0.0070928169992        26418 
140.85       54.5122222222        0.0087260712512        26599 
21.175       1.0275        0.0097908129774        5220 
152.075       14.5258333333        0.0056340248062        29480 
156.975       49.9991666667        0.0097908129774        30795 
158.075       2.55111111111        0.0085274416194        31130 
162.2       66.1872222222        0.013829890923        32337 
163.45       62.5261111111        0.00833333335        32718 
165.6       2.62583333333        0.0056340248062        33319 
165.6       3.0925        0.00777711918885        33320 
165.7       52.1591666667        0.00760009034315        33346 
167.2       6.30861111111        0.00742709116595        33783 
168.25       5.05111111111        0.00760009034315        34139 
169.675       7.52861111111        0.00742709116595        34599 
170.398333333       1.50916666667        0.0052579778812        34826 
170.4       2.42583333333        0.00777711918885        34827 
171.0       -12.2958333333        0.0162487050305        35006 
171.575       2.92944444444        0.005899548215        35185 
172.85       6.07611111111        0.0055057787444        35534 
173.840833333       20.5133333333        0.0097908129774        35823 
174.268333333       2.14611111111        0.00646872598485        35963 
175.975       19.9866666667        0.0055057787444        36469 
176.425       19.5638888889        0.00437339551083        36673 
176.925       55.7763888889        0.00742709116595        36805 
176.95       20.045        0.00742709116595        36816 
179.860416667       -1.12166666667        0.00956794686495        37764 
180.068333333       0.49        0.00677358764825        37844 
180.2       49.9061111111        0.0087260712512        37893 
180.75       51.6752777778        0.00347391153587        38065 
181.31625       2.08666666667        0.00479533282074        38281 
181.975       11.2233333333        0.0072580299308        38517 
182.025       25.8061111111        0.00693136477305        38525 
182.11125       11.1719444444        0.00158788393481        38546 
182.15       24.9655555556        0.00693136477305        38564 
182.2       25.1886111111        0.00363763194261        38576 
182.45       42.9825        0.011503202228        38674 
182.600833333       13.1702777778        0.00109854728433        38728 
182.95       27.6402777778        0.0057652581025        38850 
183.575       24.1597222222        0.0056340248062        39087 
184.535416667       1.89833333333        0.0102522397773        39497 
184.925       53.1122222222        0.0087260712512        39704 
185.095833333       12.1858333333        0.00129068051834        39803 
185.250416667       12.7277777778        0.00162487050305        39883 
185.814583333       7.68972222222        0.00214199648993        40200 
186.50625       8.19333333333        0.00126130104289        40631 
187.05625       -1.65805555556        0.00661940196925        40956 
187.302916667       11.6930555556        0.011503202228        41134 
187.705416667       12.0455555556        0.00186560095254        41360 
187.852083333       9.47583333333        0.00199902743651        41442 
187.873333333       3.9725        0.0013829890923        41450 
188.570833333       3.73444444444        0.00170144829063        41807 
188.925       -2.90972222222        0.00913731831945        41982 
188.963333333       -3.76694444444        0.0117711462287        41990 
191.95       60.285        0.0087260712512        43197 
192.55       27.3319444444        0.0056340248062        43437 
193.34625       -22.6880555556        0.00661940196925        43785 
194.525       28.9433333333        0.00457950729131        44422 
196.45       29.2591666667        0.0055057787444        45318 
202.15       -2.04027777778        0.00457950729131        47278 
204.325       9.02944444444        0.0055057787444        48114 
205.375       38.4761111111        0.00913731831945        48465 
207.3       28.1247222222        0.00677358764825        49049 
209.35       42.9102777778        0.00833333335        49648 
209.375       63.4644444444        0.0135150841717        49654 
211.3       30.7930555556        0.0070928169992        50232 
212.91375       31.9291666667        0.0089293275615        50689 
36.65       22.7530555556        0.011503202228        9293 
216.9       16.8741666667        0.0055057787444        51637 
217.85       -3.29277777778        0.00380906825441        51896 
218.575       31.5347222222        0.0055057787444        52077 
219.025       28.4238888889        0.00408149016957        52193 
220.55       9.0025        0.00457950729131        52515 
220.825       28.2966666667        0.00363763194261        52587 
221.05       28.5466666667        0.00661940196925        52636 
221.592083333       31.715        0.00777711918885        52750 
222.3       27.8802777778        0.00814364352425        52928 
42.2       -0.517777777778        0.00166271859913        10649 
224.3       52.8672222222        0.00833333335        53445 
224.9       26.6166666667        0.00457950729131        53565 
226.325       14.4255555556        0.00760009034315        53852 
228.85       4.35138888889        0.0013829890923        54448 
230.325       21.19        0.00777711918885        54804 
230.425       23.2436111111        0.00913731831945        54834 
230.475       31.2197222222        0.0056340248062        54850 
230.475       5.85527777778        0.0056340248062        54854 
230.475       5.83861111111        0.0056340248062        54862 
230.854583333       9.35055555556        0.00742709116595        54958 
231.775       28.7841666667        0.00632147980455        55130 
47.8       1.32194444444        0.00380906825441        11890 
234.075       22.5155555556        0.00777711918885        55578 
238.671666667       27.8511111111        0.00513829169245        56358 
240.225       28.715        0.0079582715661        56678 
240.425       15.7713888889        0.0053804519194        56741 
240.5       15.6822222222        0.00182313469027        56765 
241.037083333       26.0763888889        0.00182313469027        56921 
241.4       3.03972222222        0.0079582715661        57083 
244.887083333       31.2802777778        0.0087260712512        57835 
250.8       39.7769444444        0.00457950729131        58840 
251.525       29.9683333333        0.0085274416194        58942 
252.915416667       63.1172222222        0.0052579778812        59146 
272.95       64.9972222222        0.0085274416194        61537 
306.175833333       -11.9647222222        0.0112413573774        64640 
334.125       3.38861111111        0.0070928169992        68474 
337.625       -0.123611111111        0.0011503202228        69018 
340.775       31.6594444444        0.00195352401667        69573 
347.175       23.3966666667        0.00956794686495        70562 
347.52       29.9158333333        0.00427384487514        70604 
349.45       7.44166666667        0.0028237013068        70974 
349.65       20.9744444444        0.0087260712512        71017 
351.830833333       30.0475        0.0107354129523        71482 
357.625       14.4986111111        0.00833333335        72583 
357.725       27.2986111111        0.00468617771929        72600 
358.55125       30.3025        0.00324204288144        72817 
