0.159583333333       28.385       0.158083       28.384556       54 
0.184583333333       28.4013888889       0.183333       28.401444       58 
0.195       28.4027777778       0.195667       28.402028       63 
0.360833333333       31.4338888889       0.361542       31.43375       109 
0.375833333333       31.4425       0.375208       31.441861       112 
0.407916666667       23.4847222222       0.409667       23.483639       120 
0.427083333333       23.4947222222       0.424708       23.495889       129 
1.00416666667       -11.1769444444       1.002696       -11.177981       281 
1.00416666667       -11.1769444444       1.002696       -11.177981       281 
1.00416666667       -11.1769444444       1.002696       -11.177981       281 
1.00708333333       -11.1741666667       1.006333       -11.17425       282 
1.68333333333       -6.63527777778       1.68333333333       -6.63527777778       509 
1.68666666667       -6.63722222222       1.68666666667       -6.63722222222       510 
1.81666666667       27.7088888889       1.816       27.708083       564 
4.57625       30.0719444444       4.577042       30.07175       1187 
4.70875       -10.3611111111       4.708917       -10.361611       1221 
4.71208333333       -10.3772222222       4.712025       -10.376842       1224 
5.10625       0.826666666667       5.1074167       0.8263611       1306 
5.11416666667       0.833055555556       5.114583       0.833556       1309 
5.46541666667       22.4002777778       5.464167       22.4       1405 
6.5125       25.7188888889       6.524792       25.719333       1625 
6.53       25.725       6.52708       25.72222       1627 
6.76208333333       11.5841666667       6.762167       11.583806       1665 
7.09041666667       3.38888888889       7.075033       3.383686       1741 
7.07708333333       3.38305555556       7.090542       3.389667       1746 
7.30083333333       2.8725       7.301543       2.872708       1787 
7.3125       2.86527777778       7.31275       2.864056       1791 
7.32666666667       2.86972222222       7.327292       2.870444       1794 
7.85       8.46805555556       7.849625       8.466833       1921 
8.53166666667       -21.4358333333       8.5345       -21.435528       2040 
8.54625       -7.565       8.554917       -7.564833       2045 
8.55833333333       -21.4711111111       8.558542       -21.47       2046 
8.55833333333       -21.4411111111       8.557589       -21.43905       2047 
8.55       -21.4177777778       8.564593       -21.417554       2051 
8.56583333333       -21.4777777778       8.570117       -21.477745       2057 
9.62125       29.5116666667       9.622458       29.511222       2298 
9.74875       -9.00277777778       9.747667       -9.002694       2331 
9.75083333333       -9.01444444444       9.751008       -9.014581       2332 
9.80625       0.861944444444       9.805792       0.864139       2352 
9.82416666667       0.912222222222       9.824333       0.91275       2357 
9.82875       0.891944444444       9.8282917       0.8919444       2365 
9.9       8.95972222222       9.906958       8.965417       2390 
11.6333333333       36.3258333333       11.633292       36.325611       2720 
11.9479166667       -9.89944444444       11.948075       -9.899539       2805 
12.3929166667       23.5777777778       12.392292       23.57825       2886 
12.4       23.5727777778       12.402625       23.573389       2892 
12.7579166667       -7.0575       12.75775       -7.056944       2980 
13.8266666667       31.7297222222       13.826083       31.730083       3269 
13.825       31.7463888889       13.830994       31.749186       3271 
14.4504166667       -5.1125       14.449458       -5.112083       3454 
14.4545833333       30.3527777778       14.4536804       30.3524478       3455 
14.4804166667       -5.13055555556       14.480667       -5.130417       3462 
14.9583333333       31.8266666667       14.9720008       31.8269092       3575 
15.29875       30.1308333333       15.297375       30.13075       3651 
15.84125       -6.33972222222       15.841167       -6.339222       3768 
16.27       -6.21277777778       16.270333       -6.212389       3853 
16.8558333333       32.2925       16.85425       32.292778       3983 
17.34125       14.3419444444       17.341625       14.342303       4116 
19.06875       46.7402777778       19.068583       46.740222       4598 
19.0866666667       46.7475       19.085625       46.747972       4600 
19.8525       12.4619444444       19.852456       12.46183       4748 
19.85       12.4466666667       19.8506829       12.4468518       4750 
20.0283333333       3.41666666667       20.027917       3.415278       4801 
20.44625       5.25472222222       20.445208       5.256722       4946 
20.6620833333       26.8675       20.669875       26.868389       5011 
20.6783333333       26.8666666667       20.679458       26.866722       5015 
21.1825       33.4297222222       21.1825       33.429444       5214 
21.3420833333       14.8383333333       21.342264       14.838572       5261 
21.3533333333       14.8633333333       21.3527       14.864554       5271 
21.4975       -1.33944444444       21.496333       -1.340222       5323 
21.5033333333       -1.34388888889       21.502581       -1.34518       5324 
21.59       34.7038888889       21.59075       34.703028       5344 
22.2808333333       11.1308333333       22.279833       11.131472       5548 
22.3       11.135       22.296167       11.140694       5555 
22.8370833333       -6.86833333333       22.836458       -6.868056       5663 
23.0095833333       33.2086111111       23.009583       33.207378       5710 
23.0858333333       -7.85944444444       23.085375       -7.859556       5732 
23.4208333333       44.9291666667       23.4205       44.928694       5808 
23.5104166667       -1.07722222222       23.51025       -1.07575       5830 
25.025       15.9111111111       25.04125       15.904722       6174 
26.23375       10.4225       26.23375       10.423028       6415 
27.2229166667       10.5213888889       27.222631       10.521599       6643 
27.3554166667       21.9972222222       27.353583       21.997306       6690 
27.63875       32.4961111111       27.668875       32.495917       6789 
27.7420833333       21.9972222222       27.743708       21.9975       6816 
27.905       8.25694444444       27.90421       8.256612       6874 
29.0870833333       5.62888888889       29.087639       5.628938       7252 
29.3866666667       33.2066666667       29.386375       33.209278       7369 
29.3870833333       33.2044444444       29.38746       33.20308       7370 
29.8345833333       19.0061111111       29.831583       19.007528       7525 
29.9579166667       -7.06083333333       29.957792       -7.059278       7553 
30.4975       23.5497222222       30.530348       23.549828       7731 
30.55125       -0.100833333333       30.5514167       -0.1006389       7741 
30.9358333333       14.7086111111       30.935813       14.709294       7846 
30.95875       14.7394444444       30.957442       14.739147       7856 
31.7129166667       -0.507777777778       31.719917       -0.518111       8067 
35.8420833333       32.1972222222       35.8416201       32.1970965       9074 
36.6941666667       20.4986111111       36.695125       20.4975       9302 
38.4983333333       20.9766666667       38.500083       20.976778       9776 
40.1       -8.43388888889       40.099875       -8.433542       10122 
40.1583333333       -8.53361111111       40.158138       -8.53335       10140 
40.8129166667       32.425       40.812708       32.424972       10302 
40.93625       32.4955555556       40.934021       32.495925       10331 
40.9583333333       32.475       40.958084       32.474996       10338 
40.96125       32.5119444444       40.9605       32.511889       10339 
41.29125       32.9897222222       41.290433       32.989765       10417 
41.3075       32.9777777778       41.306292       32.978139       10420 
43.7908333333       -0.177777777778       43.790417       -0.177833       11007 
43.8004166667       -0.183333333333       43.8008169       -0.1835573       11012 
45.85125       -15.6236111111       45.851975       -15.623468       11503 
45.9104166667       -15.6138888889       45.91       -15.6135       11527 
46.13625       42.3394444444       46.134792       42.339306       11578 
48.2       18.7911111111       48.212158       18.794516       11971 
49.6870833333       41.4677777778       49.687167       41.467722       12331 
49.6870833333       41.4883333333       49.688167       41.488694       12332 
49.9295833333       0.565       49.9293333       0.5654722       12418 
49.925       0.565       49.9459167       0.5845833       12425 
50.0504166667       41.3680555556       50.0505       41.367       12471 
50.1595833333       -1.03527777778       50.160625       -1.0350556       12524 
50.17875       -1.05416666667       50.188875       -1.0539722       12538 
50.19       -1.045       50.18917       -1.04944       12539 
50.4025       41.3927777778       50.401908       41.39282       12597 
50.4170833333       41.3605555556       50.4165       41.360556       12600 
51.46875       40.7486111111       51.468083       40.748778       12816 
52.5404166667       -5.52055555556       52.539696       -5.521647       13005 
52.5554166667       -5.54277777778       52.555292       -5.543306       13009 
59.25       16.4769444444       59.241583       16.484611       14148 
59.25       16.5102777778       59.250583       16.522436       14149 
67.665       0.661944444444       67.666375       0.661667       15332 
67.6825       0.665277777778       67.682387       0.664713       15340 
72.125       0.233888888889       72.14375       0.241667       16059 
75.3858333333       -4.26416666667       75.396875       -4.264333       16570 
75.3858333333       -4.25666666667       75.39766       -4.25673       16571 
75.3858333333       -4.25777777778       75.407333       -4.257889       16573 
80.2       3.23805555556       80.201708       3.26025       17147 
80.2       3.23805555556       80.201708       3.26025       17147 
103.086666667       15.2525       103.085583       15.249111       19763 
107.6       39.7402777778       107.648875       39.745722       20302 
107.663333333       39.7241666667       107.662891       39.724254       20313 
112.270416667       33.8602777778       112.269375       33.860972       21109 
114.396666667       35.6052777778       114.396792       35.60575       21425 
116.720833333       39.0333333333       116.720982       39.031847       21774 
116.727916667       39.0169444444       116.729583       39.015167       21776 
119.294583333       23.7822222222       119.293542       23.779806       22289 
119.305416667       23.7669444444       119.30725       23.767722       22292 
119.4975       52.8569444444       119.496542       52.856889       22321 
119.502083333       52.8622222222       119.501674       52.86173       22322 
120.099166667       39.8302777778       120.098542       39.830417       22447 
120.604166667       9.41277777778       120.60275       9.413583       22555 
122.542083333       24.8925       122.546667       24.892972       22921 
122.805       25.2061111111       122.806208       25.206806       22957 
124.775       20.9308333333       124.753567       20.936899       23325 
125.804583333       -0.865555555556       125.804833       -0.864806       23519 
125.875       21.3358333333       125.892667       21.347667       23542 
125.9       21.3363888889       125.886125       21.338083       23546 
125.9       21.3363888889       125.886125       21.338083       23546 
127.992083333       19.2133333333       127.99025       19.211444       23935 
128.015       19.1911111111       128.0       19.1833333333       23937 
129.48375       -2.46305555556       129.484167       -2.463222       24253 
130.667083333       14.2861111111       130.665875       14.285556       24464 
131.318333333       44.5277777778       131.3269       44.527777       24596 
131.318333333       44.5091666667       131.335945       44.509188       24597 
131.482083333       12.7819444444       131.480833       12.781111       24629 
131.745416667       28.2372222222       131.742375       28.238167       24674 
131.778333333       28.2358333333       131.778792       28.236556       24678 
132.05       -2.97527777778       132.076417       -2.973611       24736 
132.342916667       19.075       132.341208       19.074972       24790 
132.353333333       19.0738888889       132.350589       19.074206       24792 
132.733333333       29.2025       132.736925       29.200153       24862 
133.59       32.6805555556       133.59       32.680861       24996 
134.244166667       51.3302777778       134.246998       51.331985       25143 
134.2475       51.3475       134.246667       51.3475       25144 
135.064583333       35.7286111111       135.064423       35.727641       25281 
135.660833333       25.935       135.661       25.934528       25399 
137.665833333       50.3788888889       137.66525       50.379861       25875 
138.399583333       29.9997222222       138.390821       30.015783       26009 
138.414583333       29.9925       138.388125       30.000139       26012 
138.41625       29.9936111111       138.4144375       29.9929694       26013 
139.17125       18.9627777778       139.172613       18.963316       26177 
139.18125       18.9544444444       139.182792       18.954639       26181 
139.345416667       42.0005555556       139.345625       41.999722       26232 
139.38125       41.9941666667       139.379292       41.994083       26238 
139.924583333       33.7366666667       139.922542       33.738139       26371 
139.942083333       33.7438888889       139.939542       33.745       26376 
139.94375       33.7505555556       139.94525       33.749778       26377 
139.992083333       0.924166666667       139.998756       0.930908       26392 
140.82125       40.2       140.82225       40.200056       26580 
141.429166667       11.4322222222       141.427208       11.432167       26733 
141.449166667       11.4252777778       141.447208       11.424583       26740 
141.925       12.2872222222       141.931667       12.2875       26842 
141.935833333       12.2880555556       141.93544       12.2879       26844 
141.935833333       12.2880555556       141.93544       12.2879       26844 
143.44375       10.1525       143.442042       10.1525       27159 
143.4625       10.1569444444       143.487154       10.192505       27167 
143.509166667       55.2402777778       143.508438       55.241131       27182 
143.509166667       55.2402777778       143.508438       55.241131       27182 
143.509166667       55.2402777778       143.508438       55.241131       27182 
143.509166667       55.2402777778       143.50875       55.2402777778       27183 
143.509166667       55.2402777778       143.50875       55.2402777778       27183 
143.509166667       55.2402777778       143.50875       55.2402777778       27183 
144.434166667       2.76083333333       144.433917       2.760917       27422 
144.4375       2.7475       144.437602       2.747354       27423 
144.859583333       32.365       144.860208       32.365472       27546 
144.851666667       32.3625       144.851792       32.362615       27547 
146.589166667       3.07083333333       146.587833       3.071361       28033 
147.469166667       0.620277777778       147.469112       0.618167       28272 
148.791666667       14.3108333333       148.808333       14.299167       28611 
148.925       16.4136111111       148.951542       16.414       28641 
148.925       16.4136111111       148.951542       16.414       28641 
149.399166667       45.2291666667       149.39845       45.229797       28764 
150.42125       37.2477777778       150.420998       37.247444       29034 
150.4925       55.6786111111       150.4908542       55.6797778       29050 
152.775       -0.0677777777778       152.802772       -0.067579       29665 
152.829166667       -0.0230555555556       152.832792       -0.022917       29677 
153.41       -0.926111111111       153.409573       -0.925506       29807 
153.425       18.125       153.428208       18.125333       29813 
153.4375       3.42527777778       153.44075       3.424972       29814 
153.4375       -0.913333333333       153.4450833       -0.9142222       29820 
153.471666667       38.6533333333       153.470169       38.6544       29825 
153.497916667       38.6558333333       153.496666       38.657144       29837 
153.529583333       38.6527777778       153.529708       38.652611       29846 
154.448333333       21.8736111111       154.449333       21.873278       30068 
154.52375       21.8330555556       154.5235       21.831944       30083 
154.929166667       57.4211111111       154.928375       57.423472       30183 
155.864166667       19.8986111111       155.8625346       19.8985222       30440 
155.88125       19.8633333333       155.8774125       19.86505       30445 
156.1775       6.40583333333       156.188       6.413444       30535 
156.1775       6.4225       156.181424       6.434144       30536 
159.375       5.61666666667       159.388083       5.628611       31559 
159.375       5.61666666667       159.388083       5.628611       31559 
160.878333333       12.1069444444       160.87475       12.08775       31971 
160.90125       12.09       160.912833       12.060667       31980 
161.957916667       12.5825       161.956667       12.581639       32256 
162.071666667       12.6302777778       162.070417       12.629306       32292 
162.45625       32.9808333333       162.458792       32.982861       32424 
162.48375       32.9894444444       162.4795       32.990833       32434 
163.662916667       54.3066666667       163.6635       54.305222       32774 
165.547083333       10.2233333333       165.586375       10.243139       33303 
165.84875       6.81972222222       165.838417       6.841167       33386 
165.84875       6.90305555556       165.838583       6.922056       33387 
165.856666667       6.85416666667       165.861625       6.872333       33394 
166.83       18.4286111111       166.836833       18.433528       33670 
167.2325       26.6097222222       167.232042       26.610278       33786 
167.244583333       6.33777777778       167.256708       6.33325       33792 
167.46625       24.2633333333       167.4645       24.261694       33855 
167.47625       24.2569444444       167.476917       24.256917       33862 
167.699583333       10.0833333333       167.71425       10.088139       33951 
167.725       4.86361111111       167.763083       4.869944       33968 
167.725       4.86361111111       167.763083       4.869944       33968 
167.725       4.86361111111       167.763083       4.869944       33968 
167.803333333       28.6966666667       167.8050167       28.6964639       33991 
167.8025       28.7122222222       167.8043042       28.7118694       33992 
167.828333333       5.83722222222       167.827833       5.836306       34004 
167.825       3.30694444444       167.87725       3.299778       34009 
167.825       5.81861111111       167.836005       5.830197       34013 
169.5875       45.7469444444       169.588833       45.748222       34561 
169.650833333       7.48472222222       169.690241       7.493175       34591 
169.675       7.52861111111       169.712417       7.521389       34599 
169.840833333       3.19305555556       169.85925       3.201583       34642 
170.25       21.3372222222       170.251958       21.337806       34763 
170.272916667       21.3544444444       170.273042       21.354278       34777 
170.278333333       3.23555555556       170.278542       3.234833       34778 
170.398333333       1.50916666667       170.424744       1.520722       34826 
170.560416667       24.2994444444       170.559208       24.30025       34882 
170.610416667       24.2936111111       170.609917       24.295444       34899 
170.61125       24.295       170.61817       24.29496       34901 
170.62625       24.2791666667       170.62525       24.27919       34905 
170.759166667       2.81444444444       170.777917       2.814639       34948 
170.759166667       2.79777777778       170.793364       2.802745       34956 
171.8875       36.0711111111       171.887095       36.071258       35252 
171.890833333       36.0608333333       171.889417       36.060111       35254 
171.975833333       -1.21222222222       171.9897083       -1.2111667       35281 
172.1       9.10638888889       172.129375       9.104417       35320 
172.1       9.10638888889       172.129375       9.104417       35320 
172.140416667       58.5641666667       172.139559       58.563144       35321 
172.130416667       58.5577777778       172.12925       58.561306       35326 
172.21125       20.7955555556       172.209917       20.795083       35347 
172.24375       20.75       172.243792       20.74975       35355 
172.25       20.7394444444       172.249448       20.73913       35360 
172.304583333       20.5813888889       172.309583       20.580833       35380 
172.313333333       20.5836111111       172.31448       20.58491       35382 
172.313333333       -1.70888888889       172.324708       -1.708       35390 
173.05625       0.820555555556       173.0560833       0.8192778       35581 
173.144166667       52.9394444444       173.136502       52.939387       35609 
173.144166667       52.9472222222       173.147958       52.946889       35615 
173.14875       53.0663888889       173.1452167       53.0679194       35616 
173.14875       52.9475       173.152958       52.947722       35618 
174.05       -2.825       174.080417       -2.847417       35896 
174.1125       -2.80777777778       174.09475       -2.8245       35901 
174.139166667       -2.91083333333       174.147417       -2.911611       35914 
174.431666667       22.0094444444       174.431667       22.009444       35997 
174.4325       47.8944444444       174.433792       47.893083       35999 
174.455833333       47.8838888889       174.464       47.881333       36008 
174.474166667       21.9808333333       174.474583       21.981389       36016 
174.874166667       26.3091666667       174.874208       26.309167       36147 
174.887083333       26.3022222222       174.887167       26.30225       36148 
174.926666667       31.9097222222       174.927297       31.9092853       36158 
174.93375       31.9327777778       174.9360511       31.9311897       36160 
175.02375       -0.837222222222       175.02675       -0.8376944       36190 
175.037083333       15.3275       175.039083       15.327306       36193 
175.054166667       15.3425       175.056292       15.342361       36197 
175.067916667       17.7283333333       175.070417       17.727917       36200 
175.183333333       22.4277777778       175.18425       22.429361       36227 
175.8525       19.7491666667       175.852292       19.749833       36436 
175.975       19.9866666667       176.009       19.971861       36469 
176.007916667       19.7825       176.008064       19.784453       36486 
176.008333333       19.9502777778       176.009       19.949806       36487 
176.202916667       19.7941666667       176.204958       19.795       36577 
176.266666667       19.9738888889       176.266125       19.973639       36604 
176.269166667       19.6072222222       176.2708708       19.6063169       36606 
176.27625       -1.66944444444       176.276558       -1.6692       36611 
176.375       9.13055555556       176.399417       9.118194       36659 
176.44       19.7744444444       176.44209       19.773941       36670 
177.128333333       12.7297222222       177.12775       12.729806       36867 
177.162916667       48.7111111111       177.159125       48.710833       36875 
177.214166667       59.4169444444       177.2098258       59.4156617       36889 
177.37375       -1.08555555556       177.375542       -1.086629       36941 
177.37375       -3.48833333333       177.3975       -3.488139       36944 
177.375       -3.505       177.41       -3.508222       36951 
177.4175       -3.51805555556       177.457375       -3.517667       36962 
177.5825       25.9616666667       177.583875       25.96175       36996 
177.575       26.0063888889       177.60575       25.98925       37002 
177.875416667       -0.0508333333333       177.8810833       -0.0510278       37100 
177.875416667       -0.0841666666667       177.8789583       -0.0777778       37103 
178.942083333       55.3186111111       178.937875       55.32075       37466 
179.33875       25.1947222222       179.337167       25.195389       37591 
179.407083333       25.2422222222       179.407667       25.240611       37619 
179.435       32.2938888889       179.43375       32.294056       37624 
179.447083333       25.2716666667       179.450958       25.270639       37629 
179.925       -3.37972222222       179.934333       -3.399028       37791 
181.024583333       1.84694444444       181.024962       1.846978       38154 
181.04       1.825       181.040596       1.825956       38164 
181.110416667       1.89666666667       181.112775       1.895961       38201 
181.15875       1.78583333333       181.158567       1.787717       38218 
181.182916667       31.1761111111       181.180579       31.177281       38227 
181.439583333       31.0588888889       181.439554       31.058789       38325 
181.425       8.99222222222       181.4265       8.989472       38326 
181.425       31.0755555556       181.439856       31.079098       38327 
181.76125       43.0672222222       181.763042       43.065389       38440 
181.9425       43.1261111111       181.942125       43.126361       38503 
182.03       65.1727777778       182.025083       65.174139       38524 
182.6375       39.4077777778       182.6357449       39.4057299       38739 
183.06875       13.2066666667       183.0719521       13.2051947       38890 
183.079166667       29.1802777778       183.078333       29.179306       38892 
183.09       29.2066666667       183.08925       29.206944       38897 
183.1125       29.1491666667       183.112125       29.149222       38906 
183.127916667       29.1691666667       183.1293708       29.1684556       38912 
183.201666667       -2.72472222222       183.201083       -2.724611       38946 
183.819166667       13.025       183.820042       13.023972       39183 
183.97125       13.1494444444       183.976833       13.149389       39246 
184.180833333       -3.43222222222       184.183667       -3.430278       39348 
184.204583333       47.4391666667       184.204292       47.438806       39353 
184.205       47.4577777778       184.203821       47.457475       39354 
184.74125       47.3044444444       184.7396025       47.3039731       39600 
184.845       5.82666666667       184.8467517       5.8252153       39659 
184.9       -0.729166666667       184.913621       -0.750828       39695 
184.952916667       5.46444444444       184.956042       5.463389       39718 
184.981666667       5.34666666667       184.983583       5.343306       39738 
185.03       29.2797222222       185.02844       29.2807533       39764 
185.38625       14.6069444444       185.3865       14.606167       39950 
185.427083333       14.6013888889       185.427       14.598306       39974 
185.515833333       12.7402777778       185.515       12.740917       40030 
185.521666667       9.04416666667       185.523458       9.043583       40033 
185.893333333       6.08194444444       185.895625       6.08175       40240 
186.090416667       9.29472222222       186.090375       9.292778       40363 
186.352916667       18.1908333333       186.350208       18.191083       40515 
186.445833333       12.6616666667       186.44478       12.662086       40581 
186.532916667       13.1127777778       186.5315       13.112778       40644 
186.618333333       9.02       186.6175       9.019444       40694 
186.623333333       9.02       186.623292       9.019278       40697 
186.797916667       9.42083333333       186.798292       9.420556       40809 
186.860416667       6.26305555556       186.860042       6.262778       40851 
187.03       13.9119444444       187.028292       13.91175       40962 
187.03625       12.0933333333       187.035826       12.093247       40964 
187.065       28.6208333333       187.064292       28.620306       40988 
187.2625       13.1855555556       187.2625608       13.1837619       41111 
187.44375       7.99944444444       187.4448412       8.0004758       41220 
187.510416667       13.6363888889       187.509083       13.636472       41260 
188.15       63.8952777778       188.139833       63.877611       41601 
188.220416667       11.4072222222       188.217716       11.404256       41634 
188.536666667       2.65361111111       188.535417       2.653806       41789 
188.612083333       2.18861111111       188.613042       2.187889       41823 
188.7125       15.5527777778       188.711917       15.551472       41876 
188.87875       12.2213888889       188.8775       12.220917       41943 
189.085833333       25.9847222222       189.0865842       25.9876747       42038 
189.136666667       11.2586111111       189.136292       11.258       42064 
189.144583333       11.2375       189.14275       11.238889       42069 
190.240833333       11.9113888889       190.239833       11.912111       42516 
190.300833333       11.8858333333       190.301667       11.886639       42544 
190.406666667       26.0747222222       190.405458       26.072833       42584 
190.69875       11.4430555556       190.697625       11.442472       42728 
190.719166667       13.2583333333       190.718208       13.257472       42741 
191.2875       -0.460555555556       191.2858       -0.461885       42975 
191.5425       30.7333333333       191.541975       30.7320139       43062 
191.547083333       30.7244444444       191.546792       30.722667       43065 
193.234583333       11.23       193.233542       11.230806       43733 
193.7125       2.65333333333       193.7128       2.654106       43969 
193.775416667       39.2225       193.775167       39.221944       44001 
194.35125       27.4983333333       194.351458       27.497722       44298 
194.384583333       28.4772222222       194.383125       28.476944       44323 
194.39375       28.4822222222       194.391167       28.481667       44329 
194.505833333       26.9086111111       194.513125       26.915972       44393 
194.8475       27.9980555556       194.86125       27.9980555556       44594 
194.864166667       27.85       194.87265       27.850181       44603 
194.897083333       27.96       194.898792       27.959389       44628 
194.9       27.9875       194.909166667       27.9875       44636 
194.942916667       27.9736111111       194.94495       27.973889       44664 
195.0175       27.9852777778       195.0175       27.987444       44698 
195.022083333       28.0041666667       195.025833       28.004083       44705 
195.034583333       27.9775       195.0339       27.976961       44715 
195.066666667       27.9675       195.068333       27.9675       44732 
195.071666667       27.9547222222       195.075       27.95722       44736 
195.075416667       28.2016666667       195.074583       28.202139       44737 
195.164166667       27.9236111111       195.164583       27.924028       44799 
195.178333333       27.9711111111       195.178167       27.971278       44808 
195.175       28.1       195.1875       28.1       44815 
195.24875       28.3636111111       195.2170399       28.365924       44848 
195.24875       27.9136111111       195.24625       27.899889       44849 
195.36       27.8869444444       195.358875       27.885972       44899 
198.362083333       27.8022222222       198.362292       27.802389       45947 
198.955416667       42.035       198.955542       42.029278       46153 
200.0       15.8886111111       200.028875       15.898111       46508 
200.06125       33.1433333333       200.061375       33.143389       46515 
200.07       -21.8269444444       200.0705       -21.827583       46525 
200.07375       33.1447222222       200.073958       33.14475       46529 
204.199166667       1.15388888889       204.199777       1.153942       48059 
204.205833333       1.18888888889       204.218608       1.188203       48069 
204.227083333       32.0955555556       204.22625       32.095556       48072 
204.227083333       17.4       204.226912       17.399964       48073 
204.221666667       17.3869444444       204.221435       17.38687       48074 
204.382916667       8.88555555556       204.383625       8.885056       48130 
204.970833333       0.841388888889       204.967958       0.839583       48330 
204.991666667       0.833055555556       204.990375       0.830944       48338 
205.413333333       55.67       205.415042       55.670722       48473 
205.535       35.6533333333       205.5347404       35.6542142       48521 
206.7       11.6213888889       206.709167       11.621389       48849 
206.7       11.6172222222       206.724333       11.617361       48850 
206.755416667       33.8941666667       206.755       33.893556       48862 
206.779166667       33.8808333333       206.779083       33.881083       48869 
207.875       14.105       207.887159       14.110769       49197 
207.8875       14.1108333333       207.878708       14.092111       49204 
208.360833333       40.3044444444       208.3612625       40.3027583       49354 
208.361666667       40.2841666667       208.3612208       40.2830306       49356 
208.367083333       37.9144444444       208.365417       37.915056       49359 
208.874583333       25.0494444444       208.885708       25.074361       49505 
209.05       5.01527777778       209.05       5.014472       49555 
209.272083333       41.8455555556       209.270042       41.846578       49618 
209.659583333       37.4255555556       209.65825       37.424472       49747 
210.2275       40.9866666667       210.227542       40.988611       49893 
210.6475       14.5355555556       210.642542       14.552556       50010 
210.845833333       9.44722222222       210.846375       9.448111       50077 
210.864166667       9.46583333333       210.862917       9.467222       50087 
211.043333333       33.3372222222       211.041851       33.33753       50139 
211.220833333       10.805       211.223417       10.801       50202 
211.2125       10.8116666667       211.214125       10.808583       50207 
212.519583333       17.7333333333       212.518124       17.733762       50577 
212.737916667       25.4966666667       212.738333       25.496667       50629 
212.75       25.4827777778       212.77125       25.482667       50640 
213.312083333       -3.2075       213.311942       -3.207487       50782 
215.085416667       3.93305555556       215.083125       3.933583       51233 
215.235       3.23916666667       215.233196       3.238006       51270 
215.2675       3.27055555556       215.265333       3.271       51275 
215.928333333       34.0108333333       215.926625       34.009028       51415 
215.942916667       34.0169444444       215.943       34.017       51419 
216.034166667       34.8575       216.031625       34.858861       51439 
216.825       4.80277777778       216.825963       4.802831       51610 
217.06875       25.8488888889       217.068167       25.848778       51681 
217.412916667       3.26611111111       217.412592       3.2663       51785 
217.41875       3.23444444444       217.418292       3.233389       51787 
218.445       40.0813888889       218.444983       40.080981       52036 
218.688333333       48.6716666667       218.687417       48.67025       52107 
218.718333333       48.6619444444       218.7185296       48.6619156       52114 
220.175       3.45611111111       220.178467       3.465344       52441 
220.575       8.98583333333       220.588708       8.996139       52519 
221.5075       8.49638888889       221.5075       8.49638888889       52726 
221.515833333       8.49388888889       221.50922       8.49638       52728 
222.08875       13.9555555556       222.086667       13.9575       52872 
223.273333333       3.33138888889       223.271862       3.331781       53178 
223.429166667       3.58194444444       223.426929       3.582489       53231 
223.490416667       3.54444444444       223.489988       3.544458       53247 
224.150833333       9.36972222222       224.150667       9.369685       53418 
225.296666667       1.70222222222       225.296917       1.701972       53643 
226.865       19.5994444444       226.863792       19.597639       53995 
226.8975       19.5825       226.89475       19.582306       54001 
227.8       10.4602777778       227.803792       10.463056       54194 
227.805       10.4508333333       227.804667       10.451361       54195 
229.462083333       7.22388888889       229.447292       7.218278       54604 
229.462083333       7.24055555556       229.492083       7.239167       54609 
229.825833333       20.89       229.851126       20.890741       54688 
229.854166667       20.8955555556       229.853042       20.896278       54689 
230.375       7.72805555556       230.4031       7.7248       54812 
230.407916667       -13.1697222222       230.408       -13.169278       54825 
230.407916667       7.71972222222       230.423       7.723583       54826 
230.45       7.71027777778       230.466083       7.708861       54839 
231.532916667       41.6775       231.5330875       41.6760611       55080 
232.532916667       27.1325       232.551042       27.134028       55261 
232.532916667       27.0991666667       232.567309       27.097454       55267 
232.877916667       7.28638888889       232.925891       7.287319       55316 
233.974583333       38.6833333333       233.974333       38.675111       55554 
236.745833333       17.8855555556       236.74525       17.884194       56023 
237.8       25.7116666667       237.805349       25.701903       56206 
239.264583333       48.1680555556       239.262542       48.168389       56462 
239.425       16.3016666667       239.456756       16.310104       56492 
239.8025       20.7630555556       239.802292       20.763361       56575 
239.797916667       20.7541666667       239.796417       20.754583       56576 
239.800416667       20.7463888889       239.799333       20.746861       56578 
239.81125       20.7666666667       239.810333       20.765917       56579 
239.805       20.7591666667       239.80375       20.759833       56580 
239.805       20.7591666667       239.80375       20.759833       56580 
239.805       20.7591666667       239.80375       20.759833       56580 
239.795833333       20.7613888889       239.795167       20.762056       56584 
239.795833333       20.7613888889       239.795167       20.762056       56584 
240.533333333       15.6933333333       240.53595       15.693281       56768 
240.533333333       15.6933333333       240.53595       15.693281       56768 
240.529166667       15.6966666667       240.533458       15.696556       56769 
240.55       15.95       240.570875       15.974556       56784 
241.13       14.82       241.132167       14.819194       56953 
241.165416667       17.7011111111       241.164792       17.700861       56972 
241.281666667       17.7561111111       241.282875       17.757722       57031 
241.343333333       17.7527777778       241.342836       17.75282       57053 
241.348333333       17.7588888889       241.347375       17.757167       57058 
241.468333333       18.2205555556       241.468375       18.220528       57111 
241.525       20.7838888889       241.524792       20.78425       57124 
241.5175       20.8016666667       241.518458       20.8015       57125 
243.875       19.4244444444       243.892458       19.461917       57634 
252.05       48.7180555556       252.087292       48.735778       59018 
252.309583333       53.3569444444       252.297917       53.393889       59056 
256.906666667       60.7302777778       256.9039       60.728758       59654 
256.919583333       60.7519444444       256.918542       60.750833       59655 
260.051666667       57.9152777778       260.05163       57.91536       60095 
306.15       12.4358333333       306.149208       12.44375       64637 
311.829166667       0.321388888889       311.829458       0.320806       65375 
311.85       0.300555555556       311.85125       0.300833       65379 
313.10875       -5.77222222222       313.108471       -5.772306       65620 
314.9475       -1.88666666667       314.945375       -1.887611       65854 
314.952083333       -1.87305555556       314.951208       -1.872889       65857 
320.033333333       -3.91777777778       320.034786       -3.917616       66575 
320.074166667       -3.89638888889       320.079792       -3.896028       66580 
333.695       13.8411111111       333.69525       13.840806       68383 
333.687083333       13.8469444444       333.687417       13.8465       68384 
333.956666667       19.2308333333       333.957792       19.232361       68442 
337.307916667       38.5277777778       337.307417       38.52775       68973 
338.99375       33.9661111111       338.9933659       33.9659021       69263 
339.0175       33.9477777778       339.014083       33.948111       69270 
340.9       23.9475       340.913167       23.949778       69594 
342.15       27.6033333333       342.1694       27.6117       69765 
342.185       27.5819444444       342.184       27.583694       69768 
343.384583333       31.62       343.386961       31.619577       69930 
343.585       32.4966666667       343.586708       32.470462       69968 
343.606666667       32.4527777778       343.606385       32.451728       69970 
344.489166667       26.15       344.489734       26.149942       70124 
344.532083333       -3.78888888889       344.532917       -3.788778       70130 
344.53       -3.81111111111       344.530562       -3.810655       70133 
345.465416667       15.9822222222       345.466583       15.981861       70291 
345.47375       15.9738888889       345.47375       15.97375       70292 
345.503333333       15.9655555556       345.504       15.964833       70295 
348.275       6.40444444444       348.304917       6.43025       70708 
348.644583333       4.49833333333       348.64375       4.498361       70786 
348.679583333       4.53444444444       348.682875       4.534361       70795 
348.82       19.0430555556       348.821788       19.041691       70832 
348.82       19.0430555556       348.821788       19.041691       70832 
348.9       25.1027777778       348.932417       25.094528       70847 
348.9       25.1027777778       348.932417       25.094528       70847 
348.989166667       6.6875       348.989583       6.687528       70874 
349.005833333       6.65222222222       349.006083       6.652278       70881 
349.3       18.7008333333       349.299792       18.701278       70933 
349.306666667       18.7077777778       349.3065       18.708167       70934 
349.306666667       18.7116666667       349.31325       18.711889       70936 
349.306666667       18.7341666667       349.334417       18.734722       70943 
349.325       5.65083333333       349.336958       5.660778       70946 
349.325       5.65083333333       349.336958       5.660778       70946 
349.5       -3.65083333333       349.50725       -3.696722       70989 
349.659583333       -10.4083333333       349.660087       -10.408175       71025 
350.06125       8.20638888889       350.0605       8.20625       71121 
350.425833333       27.0702777778       350.424667       27.070722       71190 
350.42375       27.0872222222       350.421583       27.087361       71193 
350.475       5.02861111111       350.488625       5.035806       71209 
354.622083333       27.0325       354.623       27.0322       71985 
355.371666667       3.73916666667       355.37112       3.740018       72128 
355.389583333       3.72444444444       355.391125       3.724944       72131 
356.769583333       29.4838888889       356.770125       29.483444       72387 
356.845416667       -2.30083333333       356.845792       -2.300667       72408 
356.845416667       -2.35138888889       356.849125       -2.35125       72409 
357.74375       27.1472222222       357.744083       27.147389       72605 
357.854583333       20.1136111111       357.853667       20.111833       72638 
358.35875       7.87555555556       358.361625       7.875667       72770 
358.5425       0.382777777778       358.5420417       0.3828611       72803 
358.545416667       0.393888888889       358.544208       0.394306       72806 
358.55125       0.376666666667       358.550267       0.37712       72808 
