0.03625       -6.37472222222        0.0129068051834        12 
0.08875       -2.61055555556        0.0102522397773        23 
0.158333333333       20.0591666667        0.00677358764825        53 
0.159583333333       28.385        0.0097908129774        54 
0.184583333333       28.4013888889        0.00661940196925        58 
0.225       20.345        0.0162487050305        70 
0.158333333333       20.0591666667        0.00677358764825        53 
0.475       17.5502777778        0.0085274416194        146 
1.7       8.62055555556        0.0158788393481        515 
3.3       17.0252777778        0.0190905638112        889 
8.125       23.4058333333        0.0112413573774        1971 
8.45       30.7280555556        0.0097908129774        2028 
10.6154166667       40.5683333333        0.0097908129774        2544 
10.6745833333       40.8652777778        0.0760009034315        2555 
10.6895833333       -23.5611111111        0.0079582715661        2559 
15.25       9.72555555556        0.0132074432969        3643 
16.8783333333       32.3622222222        0.0079582715661        3989 
20.1       5.84805555556        0.0135150841717        4827 
21.175       9.75333333333        0.00833333335        5213 
21.275       8.69        0.00935015380455        5245 
24.4245833333       32.6652777778        0.00777711918885        6032 
25.11625       34.6255555556        0.0158788393481        6189 
25.615       26.1433333333        0.0135150841717        6293 
26.5254166667       34.3738888889        0.00632147980455        6483 
27.385       32.5922222222        0.0389779285185        6699 
29.375       -2.09583333333        0.00935015380455        7368 
29.775       25.3863888889        0.0144816736019        7506 
29.9       -5.35972222222        0.00935015380455        7538 
32.235       7.97194444444        0.0195352401668        8196 
32.99       29.3141666667        0.0126130104288        8417 
33.5983333333       7.86111111111        0.0097908129774        8575 
35.5975       28.7152777778        0.00760009034315        9022 
35.67       28.2563888889        0.0144816736019        9035 
38.6783333333       23.4127777778        0.0257524619891        9819 
39.54875       30.8475        0.0129068051834        9989 
41.2241666667       -17.6597222222        0.0144816736019        10403 
42.925       -16.6286111111        0.0148189951133        10851 
45.1325       -15.7361111111        0.0126130104288        11367 
45.3104166667       44.8975        0.0282370130681        11404 
47.6366666667       -1.27555555556        0.00913731831945        11862 
49.9658333333       41.5736111111        0.00814364352425        12434 
50.4808333333       -13.6486111111        0.00935015380455        12614 
52.1       40.1513888889        0.0117711462287        12933 
55.6229166667       -13.4883333333        0.0302565046247        13620 
60.925       19.8836111111        0.00935015380455        14382 
66.8158333333       32.6244444444        0.0166271859914        15134 
67.025       21.6636111111        0.0102522397773        15179 
67.5445833333       6.93888888889        0.0199902743651        15319 
67.8491666667       -3.92555555556        0.0117711462287        15387 
69.2766666667       -3.30444444444        0.0178163507815        15654 
73.2454166667       1.33083333333        0.0141520304655        16242 
75.6345833333       -3.34416666667        0.012045331447        16610 
78.525       -6.13666666667        0.012045331447        16954 
78.975       -6.94194444444        0.0112413573774        17003 
81.225       4.48944444444        0.0347391153586        17250 
102.7775       12.9219444444        0.0195352401668        19725 
103.049583333       39.2002777778        0.00646872598485        19759 
103.95       84.9055555556        0.0178163507815        19878 
104.31375       13.5394444444        0.0151641738521        19914 
107.93375       39.5697222222        0.0087260712512        20366 
109.5675       30.7086111111        0.0104910451192        20620 
110.362083333       13.2619444444        0.012045331447        20774 
112.225       20.5911111111        0.0166271859914        21100 
112.3       14.4122222222        0.0085274416194        21116 
114.3475       14.0811111111        0.0126130104288        21416 
116.297083333       7.93277777778        0.0162487050305        21710 
119.887083333       -1.65166666667        0.0109854728433        22400 
123.2       57.9213888889        0.00646872598485        23022 
130.925       65.1922222222        0.0141520304655        24510 
138.725       40.0541666667        0.0162487050305        26086 
138.95       10.1336111111        0.0087260712512        26127 
144.2       66.5613888889        0.0097908129774        27362 
145.45       27.6416666667        0.0085274416194        27702 
146.525       68.975        0.0195352401668        28018 
147.725       62.1825        0.0112413573774        28353 
147.775       33.13        0.0102522397773        28370 
149.325       4.52194444444        0.0117711462287        28741 
149.7       19.2047222222        0.0102522397773        28828 
150.625       19.1769444444        0.0104910451192        29085 
152.114583333       12.3075        0.079582715661        29488 
154.075       4.83138888889        0.0100188703085        29995 
155.875       18.1052777778        0.00814364352425        30444 
159.05       26.9744444444        0.00913731831945        31429 
161.425       77.1116666667        0.00833333335        32121 
161.688333333       11.8211111111        0.0632147980455        32192 
162.320833333       12.3802777778        0.0072580299308        32376 
163.320416667       -22.3180555556        0.0109854728433        32685 
164.544583333       7.56472222222        0.0144816736019        32995 
165.35       27.7269444444        0.00956794686495        33249 
166.15       -15.2769444444        0.011503202228        33468 
166.975       2.0075        0.0129068051834        33716 
169.194583333       18.0177777778        0.011503202228        34415 
169.225416667       18.0533333333        0.0363763194261        34426 
169.244583333       18.1491666667        0.025166264387        34433 
170.0       18.2522222222        0.00814364352425        34683 
171.847083333       19.8536111111        0.0141520304655        35247 
172.5       38.6297222222        0.0190905638112        35437 
174.025       10.0525        0.00742709116595        35881 
174.225416667       19.9705555556        0.00603696634605        35942 
175.975       20.0783333333        0.0089293275615        36477 
176.551666667       -3.17944444444        0.0170144829063        36707 
178.1       69.8872222222        0.00833333335        37193 
178.525416667       -3.68138888889        0.0240335959074        37336 
178.7       28.2752777778        0.0070928169992        37375 
179.3675       27.8847222222        0.00814364352425        37609 
179.6       10.0233333333        0.0162487050305        37686 
180.79       44.5313888889        0.0437339551083        38068 
181.225       58.1        0.00913731831945        38250 
182.23125       -2.405        0.00935015380455        38585 
184.180833333       69.4655555556        0.182313469027        39346 
184.4225       8.8175        0.00372236327537        39448 
185.833333333       15.8197222222        0.0112413573774        40209 
186.5675       27.8805555556        0.00956794686495        40668 
188.1       39.5897222222        0.013829890923        41579 
188.872916667       -3.79361111111        0.025166264387        41939 
190.14625       2.47083333333        0.00693136477305        42471 
190.885       11.5822222222        0.0240335959074        42816 
190.917916667       11.5494444444        0.05899548215        42831 
192.325       -10.1255555556        0.0347391153586        43345 
193.658333333       46.5311111111        0.0132074432969        43931 
194.405       26.8416666667        0.0141520304655        44341 
194.544583333       -22.8766666667        0.00956794686495        44419 
194.94       -22.1761111111        0.0132074432969        44660 
195.022083333       28.0783333333        0.0104910451192        44714 
195.972083333       27.9727777778        0.0123259032594        45140 
196.936666667       -22.8566666667        0.0263523138875        45487 
197.0       46.8480555556        0.00833333335        45506 
197.0675       -21.0016666667        0.0170144829063        45524 
198.025       5.48        0.00760009034315        45840 
199.730416667       -21.0391666667        0.0646872598485        46400 
200.07       -21.8269444444        0.0661940196925        46525 
202.494583333       47.2725        0.0479533282074        47413 
203.9       8.96694444444        0.0214199648993        47947 
204.85       46.01        0.0126130104288        48291 
205.125       55.4294444444        0.00833333335        48388 
208.34       40.3633333333        0.0263523138875        49347 
208.874583333       25.0494444444        0.0109854728433        49505 
208.919166667       40.4622222222        0.0363763194261        49514 
211.801666667       15.1675        0.011503202228        50372 
213.940833333       40.1047222222        0.0087260712512        50954 
217.125       11.3830555556        0.0129068051834        51705 
218.65       4.26194444444        0.0162487050305        52092 
219.825       17.0263888889        0.0104910451192        52374 
222.425       60.3769444444        0.0126130104288        52952 
224.725       53.9211111111        0.0155173928366        53532 
227.235833333       19.2869444444        0.00693136477305        54085 
240.85       16.3113888889        0.00760009034315        56872 
240.975       25.0219444444        0.0126130104288        56903 
243.125       29.515        0.0132074432969        57482 
246.959583333       -1.76388888889        0.013829890923        58207 
250.25       62.3933333333        0.0087260712512        58750 
251.025       62.0786111111        0.0182313469027        58866 
252.01625       62.2013888889        0.0129068051834        59009 
252.475       9.42111111111        0.0126130104288        59081 
258.5       75.2266666667        0.0158788393481        59888 
260.825       23.6336111111        0.0123259032594        60191 
261.325       45.6344444444        0.0087260712512        60268 
267.018333333       14.7411111111        0.0117711462287        60879 
269.875       24.8852777778        0.0112413573774        61235 
280.025       21.4977777778        0.0104910451192        62225 
305.475       60.7372222222        0.0097908129774        64542 
313.85       -13.4425        0.0117711462287        65717 
319.9       21.9702777778        0.0155173928366        66558 
320.275       26.2630555556        0.0123259032594        66608 
325.575       12.4947222222        0.0107354129523        67205 
331.9675       31.3597222222        0.0355482933045        68096 
335.854583333       41.1813888889        0.0112413573774        68736 
346.05       17.9077777778        0.0087260712512        70387 
349.05       15.8336111111        0.00760009034315        70885 
349.27375       7.12305555556        0.00777711918885        70927 
349.4875       11.3491666667        0.0087260712512        70981 
350.05       7.99638888889        0.0104910451192        71120 
350.176666667       8.21722222222        0.0224294567442        71140 
350.375       27.1180555556        0.00777711918885        71184 
352.15       17.2830555556        0.0072580299308        71542 
353.945416667       24.5783333333        0.00814364352425        71848 
354.06125       2.155        0.0162487050305        71868 
