7.07708333333       3.38305555556       7.090542       3.389667       1746 
0.184583333333       28.4013888889       0.183333       28.401444       58 
0.184583333333       28.4013888889       0.183333       28.401444       58 
0.184583333333       28.4013888889       0.183333       28.401444       58 
0.184583333333       28.4013888889       0.183333       28.401444       58 
0.184583333333       28.4013888889       0.183333       28.401444       58 
0.184583333333       28.4013888889       0.183333       28.401444       58 
0.184583333333       28.4013888889       0.183333       28.401444       58 
0.184583333333       28.4013888889       0.183333       28.401444       58 
0.184583333333       28.4013888889       0.183333       28.401444       58 
0.407916666667       23.4847222222       0.409667       23.483639       120 
0.427083333333       23.4947222222       0.424708       23.495889       129 
0.407916666667       23.4847222222       0.409667       23.483639       120 
0.427083333333       23.4947222222       0.424708       23.495889       129 
